NewLongitude	NewLatitude
-28.493698	38.526601
-25.1318264	16.96895448
-21.4104	64.6638
-17.98652	27.755481
-16.999351	32.778862
-16.966721	32.720352
-16.441198	28.346578
-15.422549	28.159615
-9.5	30.6
-9.1567	38.7542
-9.149401	53.115529
-8.9052	39.7575
-8.868057	42.532446
-8.7233402	29.7524609
-8.4223	38.0402
-7.6851	42.4182
-8.37557	39.550406
-8.550823	42.882344
-8.4239	41.238
-8.533465	37.300405
-8.350267	30.885371
-7.8904	52.5199
-7.794552	52.960784
-7.45	31.48
-7.454	39.414
-6.8498	38.5144
-6.532735531	42.41676515
-6.575	40.4879
-6.8239	55.1663
-6.569534	31.957867
-6.364728887	36.83671246
-6.329602	43.554922
-6.27629	53.382837
-6.000887	56.439198
-6.233	36.601
-6.22955	32.04208
-6.08949	53.19076
-6.1137	40.4841
-5.728	42.1299
-5.9829	42.9468
-5.681	39.887
-5.639246718	38.54870216
-5.51027	32.92735
-5.42698	35.4528
-5.224166667	50.23388889
-5.02369	35.04256
-4.6455	41.4722
-4.770472222	40.17616667
-4.1756	38.7099
-4.378572	50.391496
-4.10258	34.09166
-3.9633	42.7704
-3.97661612	42.6913231
-4.6861	32.4502
-4.6708	52.1044
-4.6	54.066667
-4.359065	53.164868
-4.319211	56.469346
-4.063	48.453
-4.05153	33.9561
-4.044042	57.581145
-3.5582	41.2389
-3.28	43.11
-2.78	37.92
-3.113502	51.06093
-3.093102857	39.5426321
-3.0497	42.7489
-3.521247	58.593598
-3.2414	37.2296
-2.9	54.7
-2.5172	51.8559
-3.235818	55.921616
-3.287041	57.60837
-2.8460728	47.5930844
-3.119375	59.016047
-3.0888	53.5724
-2.112144	54.972665
-1.991123	41.758543
-2.415232876	37.04478139
-2.38015	38.103421
-2.195892	49.206075
-1.297963	51.804336
-2.303114	47.518693
-1.396221	43.664734
-1.9877	51.1217
-1.711448322	39.995024
-2.055125	48.633024
-1.4	53.2
-1.784	41.464
-1.078372	52.599154
-0.435385	51.279343
-0.636414062	45.7556659
-0.76296	49.284214
-0.6172731	48.30459
-0.453	42.8678
-0.74536	47.00791
-0.6337376	35.697655
-0.3072	39.8813
-0.6298922	35.202225
-0.57918	44.837788
-0.2304	38.8546
-0.3706	40.2939
0.0014643	51.47691
0.019136	42.786404
0.23397446	48.006935
0.218	42.6334
1.041384	49.411811
0.290824	35.039026
0.523761	52.81502
0.616363	44.203142
0.667798	52.451592
1.058142	41.070282
1.009976	45.83189
2.2844	45.919
1.590228	52.525954
1.3220322	35.367355
2.18	48.71
1.898488998	47.26372014
1.4596496	44.37652
1.46	43.59
2.0025	42.5581
1.533802	49.104665
2.0911	41.4176
2.547678	49.227367
3.128874	42.48343
2.696	48.427
2.679338	47.383412
2.69522	43.910148
2.883333	36.75
2.873112	36.420603
2.9328024	45.511044
2.8431	39.8109
3.4453	51.2743
3.5812693	44.4942
3.6042	51.5279
4.313144	46.94012
4.3861	52.1578
4.3324	51.418
3.85	40
3.9595	43.6079
4.836639	49.911903
4.074401	48.297344
4.126635	36.468673
4.6243989	36.6307165
4.749	53.0768
4.828731	46.3068839
4.919523	61.565354
4.769102632	61.32206685
4.815205	45.178291
5.183	52.109
5.998	53.321
5.342296089	60.31592212
5.06	47.3
5.593898	62.191888
6.079027	49.905652
5.525150856	59.82202835
5.880982	45.234478
5.250429	45.72447
5.8977	50.7694
5.929326	43.16996
5.789810547	58.51034744
5.6977778	36.6333333
6.184417	48.692055
6.776852553	58.08021453
6.8538	52.3617
7.239955	62.058988
7.366869851	59.37456986
6.910611	43.451913
6.5868	53.1396
7.175858	44.070128
7.047738	62.963275
6.4918823	36.98458
6.753541954	61.12690188
6.6099	49.7166
7.229023	47.137177
6.768194	36.396667
6.996812	47.8845
7.2482	50.6822
7.0362944	46.2080025
7.546682779	59.03808588
8.351036588	61.90170118
8.445518	47.74542
7.77	46.07
8.183634487	58.18861353
7.6269	52.2577
7.665	50.321
8.2	49.95
8.694384954	60.67116548
8.414939	47.859534
8.260956	36.412674
8.219219	40.596657
8.731785	41.917537
8.830266	42.267971
9.99	53.55
8.8634	50.5065
8.76914	47.275408
8.931358504	58.50555992
9.317733	45.91387
9.679699461	59.92272185
8.8727	52.1787
8.981407	61.088023
9.716632	61.542275
9.342883	40.227617
9.159268	41.387179
9.503944	48.7979
9.676792	57.230128
9.986638517	62.75070687
9.661389	54.430278
10.00289589	61.55034552
10.72236537	59.32940975
10.04422998	58.99532398
10.832534	60.831838
10.0971	48.8367
10.53786	64.913521
10.126627	46.256678
10.609657	63.57431
10.401689	43.722839
10.17777778	44.17083333
10.7684367	56.2810952
10.579186	57.725004
10.59305556	51.79166667
11.200737	46.688517
11.08	49.45
12.127128	60.449007
11.332726	43.311674
12.004136	60.187622
11.28256199	63.88136742
11.3202	51.3228
12.4580151	47.0034037
11.576659	48.136522
12.3525	55.5988
12.117355	65.475647
11.52238353	58.97496348
11.915099	57.587583
11.950781	53.449029
12.092922	66.502892
12.29592	49.074229
12.4	65.133333
12.4833	42.1167
12.581299	60.847963
13.3092	55.8378
12.552	41.837
13.20015	65.811202
12.563611	50.0575
13.014274	48.72824
13.232	52.612
13.361267	38.11569
13.39379	51.19755
13.4268	66.7902
13.543348	56.80817
13.609633	68.146501
13.6332	54.5159
13.716926	45.70684
13.75	46.59
13.757	51.114
13.780632	47.83061
13.887923	40.72845
14.12	55.76
14.560248	50.00177
14.0255928	37.87537846
14.05234	45.653863
14.389554	67.274611
14.472042	44.531581
14.536415	59.328673
14.797785	68.239995
14.778748	55.05414
14.995606	37.724945
15.000321	37.699784
15.02096	67.926644
15.053704	57.059921
15.88348	59.406943
15.8765	47.6709
15.264444	50.483612
15.4908263	50.2415017
15.5036	44.9145
15.527549	67.408125
16.2	58.9167
15.8127	56.4606
15.985892	60.277545
16.435802	49.333515
17.010149	58.255809
16.365526	48.223265
16.458555	56.581203
17.112	59.7302
16.61361111	45.95777777
17.520484	48.882866
17.6	59.85
17.871	50.577
18.085352	51.767278
18.3447	62.8714
18.816932	59.983387
19.282	33.399
19.375	-34.125
19.71	52.55
19.867731	50.008712
19.862898	60.319424
20.85	41.76
20.160275	54.933392
20.478085	53.7802
20.909191	40.080575
20.9571	50.9409
21.06027778	55.42055556
21.18277778	44.94444444
21.188686	62.784588
21.223951	60.688798
21.243619	40.786015
22.259231	60.449325
21.59444444	43.40916667
21.611283	49.642538
21.63	37.63833333
21.827118	32.782879
21.851131	45.087875
21.946389	41.156943
21.969309	51.416443
22.212407	60.245156
22.29458	40.010945
22.37666667	38.55833333
22.591947	58.923955
22.69157	60.4868
23.07527778	37.59638889
22.810199	48.577598
22.852968	61.608036
23.020936	40.635365
23.136071	50.893898
23.197	56.535
23.2018	59.842
23.54833333	41.59555556
23.3	42.8
23.688652	38.178255
23.774983	44.331118
23.81765	38.08017
23.846189	60.199252
23.881275	55.169438
23.885604	60.392769
23.902881	35.294945
23.938219	70.96719
23.9684189	46.6742321
24.0400185	46.1236975
24.93956566	42.13101226
24.230471	12.94868
24.244594	40.256594
24.39170837	36.70090698
24.722	57.513
25.0492	-31.3931
25.108	61.193
25.28	54.69
25.563745	64.999696
25.725	41.5417
26.01	48.42
26.06	52.11
26.080822	37.600968
26.23	39.94
26.349884	41.748433
26.73	58.38
26.6	48.7
26.808007	37.805694
27.237518	37.688235
27.3331	56.5099
27.3756	40.8627
27.6	53.9
27.579	46.92
27.6	49.4
27.992164	58.961235
27.778261	64.221992
27.782066	40.462766
27.896638	43.158868
27.9	56.4
27.92	37.31
28.11	61.762
28.148391	37.88217
28.5	59.4
28.568911	60.625186
28.76653	59.0206
29.8905	56.9802
28.916667	47
29.0615	40.8827
29.1298	40.1037
29.22	52.03
29.85	58.74
29.3244	50.3553
29.4	48.8
29.43333333	-1.483333333
29.51	60.41
30	47.7
30	59.5
30.0522	54.5932
30.613912	60.859139
30.153701	56.82642
30.22	48.77
30.3314	53.9007
30.4942	50.3645
30.51	36.68
30.72	46.48
31.07	40.04
31.2	51.5
31.3	58.5
32.2	60
31.45	50.09
31.462858	36.790081
31.792	40.632
31.995277	46.97234
32.1	54.8
32.2623	48.5079
32.34	52.91
32.368561	62.088997
33.49	46.81
33.088099	34.921815
32.990556	63.155869
33	61
33.167576	49.786711
33.2	58
33.4027	54.7842
33.5	59.7
33.567	50.98
34.3021	40.8193
34.576419	60.967866
33.889664	35.088123
34.084653	57.877516
34.26615	63.889384
33.9634	47.3198
34.290486	62.227177
34.1002	59.91757
34.3814	44.6419
34.3717	37.6356
34.50426903	1.156746978
34.5	49.6
34.771076	64.528106
34.9871	48.4419
35	48.5
35.0044	50.7357
35.1245	58.4663
35.4742	60.9923
35.36	46.86
35.38	45.03
35.381182	51.763403
35.414	49.3158
35.670437	33.74181
35.859626	37.667739
35.88	39.66
35.917597	56.858721
35.92	41.58
35.94941	35.1511
36.1	53
36.2	-2.873888889
36.126405	36.465582
36.21	41.28
36.29	54.55
36.349053	-1.177022
36.3755	49.7321
36.49	40.63
37.332558	-3.125315
36.935	57.841
37.083275	47.321337
37.412351	-0.199729
37.413821	57.347033
37.67	55.88
37.6413	49.694
37.836947	10.63850102
38.112051	13.271418
37.9	59.1
38.114107	63.917408
38.27815	-4.73935
39.2	51.7
38.821358	57.928754
38.910391	61.51246
39.022	55.264
39.05	15.33333333
39.365208	7.839456
39.214329	15.123009
39.90304599	6.876346981
39.550484	9.423678
39.493103	40.467846
39.527819	12.973255
39.6	47.2
39.61	39.64
39.712164	54.609817
39.852733	57.582507
39.899359	59.218067
40.1	50.5
40.092744	58.081856
40.182208	55.047301
40.26	48.7
40.3	56.2
40.31111	21.092951
40.335	21.63
40.4818	51.6215
40.65554	59.87067
40.8164	57.6378
41.291045	56.830338
41.442308	52.723585
41.4	52.8
41.487	58.2746
41.612371	51.111151
41.63055	55.332642
41.66	41.21
41.9	45.1
42.099103	61.063764
42.183616	18.943381
42.19	49.86
42.2394	38.6425
42.595169	40.331921
42.677089	11.755439
42.753008	59.974486
42.903128	62.102759
43.4767	41.7942
43.561653	56.646306
43.693029	49.083185
43.8	56.5
44.8203	40.1408
44.550613	48.511847
44.669279	42.99223
44.7167	40.2856
45.7	53.3
45.0382	40.0691
45.4777	41.9185
45.885693	51.566831
46.2831	41.8296
46.37	41.24
46.6	53.1
46.920111	61.33121
47	54.2
47.27	52.05
48.2	50.5
48.039647	52.496784
48.06	46.36
48.4	54.3
48.56	38.9786
48.731	55.9031
48.7992	38.6536
49.128857	55.694149
48.887098	10.981876
49.666041	58.606125
50.2	53.2
50.3175	33.2657
51.259407	56.254558
51.4	51.2
52.127025	57.331664
52.261325	52.773282
52.79	53.11
52.995895	56.561423
53.107905	36.810287
53.571632	61.816438
54.441475	36.843513
55.100454	51.766648
56.164526	54.231218
56.3	58
56.9	49
57.2	50.3
57.444748	53.166059
58.5	48.6
59.22	53.88
60.878896	54.431942
60.22	55.27
63.6	53.2
63.9	53.3
64.455567	39.768085
65.350201	55.46187
66.9	51.3
67.002423	34.3408
67.3	51.9
67.6	51.1
68.32	58.17
68.4	38.87
68.7841	55.2454
68.810936	38.743401
68.969721	35.464298
69.2997	39.2013
69.4	53.3
69.762591	41.649291
71.1	35
70.276	53.076
70.4218	35.9286
70.758001	38.595446
72.15	48.3
71.4	51.4
71.533224	38.02436
72	37.24
71.722957	35.497749
71.758056	42.893481
72.2341	39.188
72.430941	34.80895
72.512122	37.655164
73.3	49.7
72.787704	48.235643
72.9	38.3
73.289432	39.841844
73.3	55
73.531291	34.786658
74.008977	42.603447
74.822539	35.730169
74.569316	42.87452
74.798177	34.032583
75	49.6
75.688771	34.488596
75.642112	32.264337
76.165338	32.958496
76.464907	32.891661
76.8	43.3
77	52.3
77.18199	32.4364
78.51	44.2
78.4	30.94
78.125724	30.198739
78.338912	31.630481
78.379867	43.317283
78.938201	44.678244
79.31	50.66
79.48	53.16
79.663704	29.551033
79.81	50.09
80.056936	29.776593
80.3	49
80.25	50.42
80.43	47.98
80.665755	30.347003
80.853001	23.9023589
81.213	53.001
81.6174	52.6234
82.19	47.19
82.214368	50.515404
82.7	50.1
83.285985	28.51694
83.155814	50.271462
83.7	53.3
84.19	53.34
84.18	46.83
84.6666	48.9201
85.166664	52.516665
85.354387	49.17902
88.22	47.73
88.38	47.77
89.81	47.21
90.34	46.75
91.18	29.64
98.63	28.02
103.49799	29.74343
105.12	32.72
106.06	29.82
106.48	29.79
107.21	32.93
107.187	25.85
108.61	27.94
110.72	28.52
110.44	29.41
110.95	31.1
112.11	30.78
112.14	28.5
112.55	28.23
113.98	32.05
114.62	31.17
114.3	26.75
114.86	28.99
114.87	29
115.02	31.28
115.39	31.82
115.93	29.6
115.74	28.74
116.15	26.59
117.18	30.28
116.53	29.87
116.61	28.28
118.18	29.8
117.76	30.62
118.5	32.03
118.83	32.05
118.85	29.8
118.97	30.68
130.4229	33.6187
136.0554408	35.6452443
139.0231	37.902554
140.06195	39.711414
140.5070738	37.560115
