403 403
410 410
628 628
630 630
5718 5718
5757 5757
6008 6008
6016 6016
6017 6017
6184 6184
6235 6235
6241 6241
6951 6951
6956 6956
6957 6957
6987 6987
7003 7003
7255 7255
7378 7378
7382 7382
8243 8243
8337 8337
9081 9081
9084 9084
9095 9095
9099 9099
9121 9121
9321 9321
9323 9323
9332 9332
9336 9336
9339 9339
9369 9369
9370 9370
9395 9395
9427 9427
9470 9470
9518 9518
9532 9532
9546 9546
9586 9586
9648 9648
9661 9661
9707 9707
9718 9718
9722 9722
9728 9728
9729 9729
9730 9730
9731 9731
9732 9732
9733 9733
9735 9735
9748 9748
9755 9755
9768 9768
9771 9771
9774 9774
9775 9775
9776 9776
9777 9777
9779 9779
9780 9780
9781 9781
9782 9782
9783 9783
9784 9784
9789 9789
9790 9790
9791 9791
9792 9792
9793 9793
9794 9794
9805 9805
9806 9806
9807 9807
9808 9808
9809 9809
9810 9810
9811 9811
9814 9814
9816 9816
9849 9849
9868 9868
9876 9876
9891 9891
9927 9927
9983 9983
9984 9984
9995 9995
9996 9996
9997 9997
9998 9998
9999 9999
10001 10001
10012 10012
10020 10020
10022 10022
10027 10027
15591 15591
15592 15592
15593 15593
18696 18696
19950 19950
