430 430
853 853
854 854
867 867
868 868
870 870
1612 1612
1622 1622
1676 1676
1684 1684
1739 1739
1741 1741
1793 1793
1797 1797
1819 1819
1820 1820
2370 2370
2412 2412
5856 5856
6749 6749
6750 6750
6909 6909
6961 6961
7077 7077
7081 7081
7158 7158
7160 7160
7207 7207
7333 7333
7356 7356
7358 7358
7359 7359
7514 7514
7515 7515
7523 7523
7566 7566
7568 7568
7917 7917
7947 7947
8699 8699
8723 8723
9128 9128
9133 9133
9394 9394
9509 9509
9510 9510
9513 9513
9514 9514
9515 9515
9519 9519
9522 9522
9530 9530
9534 9534
9537 9537
9541 9541
9560 9560
9579 9579
9602 9602
9607 9607
9610 9610
9612 9612
9615 9615
9616 9616
9644 9644
9645 9645
9701 9701
9736 9736
9747 9747
9749 9749
9754 9754
9756 9756
9757 9757
9817 9817
9825 9825
9831 9831
9833 9833
9834 9834
9844 9844
9845 9845
9852 9852
9853 9853
9857 9857
9859 9859
9861 9861
9862 9862
9869 9869
9895 9895
9930 9930
9943 9943
9957 9957
9958 9958
9959 9959
9970 9970
9971 9971
9976 9976
9978 9978
9979 9979
9991 9991
10004 10004
10011 10011
10023 10023
14314 14314
