88 88
108 108
159 159
1254 1254
1313 1313
1317 1317
4779 4779
4807 4807
4826 4826
4840 4840
4958 4958
5151 5151
5395 5395
5486 5486
5644 5644
5651 5651
5768 5768
5776 5776
5798 5798
5860 5860
6034 6034
6035 6035
6036 6036
6038 6038
6039 6039
6040 6040
6085 6085
6122 6122
6123 6123
6124 6124
6125 6125
6126 6126
6128 6128
6131 6131
6132 6132
6133 6133
6134 6134
6136 6136
6148 6148
6149 6149
6150 6150
6898 6898
6907 6907
6908 6908
6915 6915
6923 6923
6924 6924
6933 6933
6943 6943
6944 6944
6966 6966
6967 6967
6970 6970
6971 6971
7013 7013
7028 7028
7036 7036
7107 7107
7143 7143
7163 7163
7165 7165
7199 7199
7223 7223
7231 7231
7268 7268
7280 7280
7282 7282
7307 7307
7337 7337
7404 7404
8227 8227
8240 8240
8244 8244
8306 8306
8307 8307
8334 8334
8335 8335
8351 8351
8376 8376
9381 9381
9382 9382
9524 9524
9525 9525
9526 9526
9548 9548
9550 9550
9569 9569
9581 9581
9585 9585
9647 9647
9651 9651
9653 9653
9866 9866
9877 9877
9881 9881
9894 9894
9905 9905
9909 9909
9937 9937
9938 9938
9980 9980
9981 9981
9986 9986
