1552 1552
1651 1651
1652 1652
1756 1756
1757 1757
1829 1829
1834 1834
1835 1835
2031 2031
2053 2053
2057 2057
2081 2081
2091 2091
2106 2106
2108 2108
2141 2141
2159 2159
2166 2166
2171 2171
2191 2191
2202 2202
2212 2212
2239 2239
2240 2240
2276 2276
2278 2278
2285 2285
2286 2286
2317 2317
5822 5822
6030 6030
6070 6070
6071 6071
6074 6074
6153 6153
6154 6154
6166 6166
6214 6214
6216 6216
6217 6217
6218 6218
6220 6220
6221 6221
6237 6237
6238 6238
6240 6240
6244 6244
6296 6296
6390 6390
6396 6396
6932 6932
6945 6945
6958 6958
6981 6981
7025 7025
7177 7177
7296 7296
7349 7349
7384 7384
7396 7396
7411 7411
7461 7461
7520 7520
7521 7521
7525 7525
7529 7529
7530 7530
8132 8132
8171 8171
8242 8242
9027 9027
9363 9363
9386 9386
9388 9388
9481 9481
9506 9506
9517 9517
9520 9520
9536 9536
9539 9539
9551 9551
9571 9571
9589 9589
9590 9590
9592 9592
9594 9594
9595 9595
9596 9596
9659 9659
9697 9697
9698 9698
9706 9706
9708 9708
9717 9717
9743 9743
9820 9820
9821 9821
9836 9836
9838 9838
9875 9875
9897 9897
9928 9928
9962 9962
9966 9966
