265 265
544 544
546 546
685 685
687 687
728 728
742 742
991 991
992 992
997 997
1002 1002
1006 1006
1061 1061
1062 1062
1063 1063
1066 1066
1070 1070
1158 1158
4857 4857
4884 4884
4900 4900
5023 5023
5104 5104
5210 5210
5249 5249
5276 5276
5279 5279
5726 5726
5800 5800
5830 5830
5831 5831
5832 5832
5865 5865
5867 5867
6019 6019
6020 6020
6021 6021
6022 6022
6023 6023
6024 6024
6073 6073
6076 6076
6077 6077
6086 6086
6188 6188
6189 6189
6191 6191
6192 6192
6193 6193
6194 6194
6195 6195
6198 6198
6252 6252
6255 6255
6258 6258
6268 6268
6284 6284
6680 6680
7008 7008
7026 7026
7058 7058
7064 7064
7068 7068
7109 7109
7164 7164
7169 7169
7306 7306
7319 7319
7383 7383
7516 7516
7517 7517
8230 8230
8231 8231
8283 8283
8369 8369
8386 8386
8422 8422
9058 9058
9312 9312
9343 9343
9380 9380
9404 9404
9405 9405
9407 9407
9409 9409
9416 9416
9436 9436
9437 9437
9442 9442
9450 9450
9451 9451
9452 9452
9453 9453
9454 9454
9455 9455
9476 9476
9535 9535
9646 9646
9649 9649
9658 9658
9963 9963
