1851 1851
1852 1852
1853 1853
1872 1872
1890 1890
1925 1925
1942 1942
1943 1943
1954 1954
2016 2016
2017 2017
6904 6904
6926 6926
6938 6938
6975 6975
6976 6976
6997 6997
7072 7072
7218 7218
7322 7322
7323 7323
7347 7347
7372 7372
7377 7377
7417 7417
7418 7418
7424 7424
8235 8235
8365 8365
9100 9100
9102 9102
9103 9103
9104 9104
9106 9106
9113 9113
9114 9114
9125 9125
9399 9399
9421 9421
9508 9508
9523 9523
9528 9528
9531 9531
9544 9544
9553 9553
9555 9555
9556 9556
9558 9558
9574 9574
9582 9582
9587 9587
9588 9588
9606 9606
9663 9663
9699 9699
9700 9700
9703 9703
9704 9704
9705 9705
9709 9709
9710 9710
9711 9711
9713 9713
9714 9714
9716 9716
9719 9719
9720 9720
9737 9737
9738 9738
9739 9739
9741 9741
9744 9744
9822 9822
9823 9823
9835 9835
9839 9839
9840 9840
9843 9843
9847 9847
9848 9848
9854 9854
9855 9855
9856 9856
9864 9864
9867 9867
9878 9878
9882 9882
9888 9888
9902 9902
9904 9904
9932 9932
9933 9933
9942 9942
9960 9960
9969 9969
9987 9987
9993 9993
10005 10005
10008 10008
10009 10009
10010 10010
10017 10017
14318 14318
14319 14319
