470 470
476 476
484 484
504 504
506 506
531 531
763 763
766 766
768 768
772 772
801 801
6814 6814
6830 6830
6927 6927
6929 6929
6931 6931
6963 6963
6990 6990
7033 7033
7192 7192
7287 7287
7298 7298
7373 7373
7416 7416
7717 7717
7757 7757
7767 7767
8037 8037
8057 8057
8077 8077
8233 8233
8246 8246
8311 8311
8354 8354
8464 8464
8483 8483
9314 9314
9507 9507
9511 9511
9512 9512
9559 9559
9608 9608
9609 9609
9613 9613
9617 9617
9619 9619
9620 9620
9622 9622
9624 9624
9625 9625
9626 9626
9627 9627
9628 9628
9629 9629
9630 9630
9631 9631
9632 9632
9633 9633
9634 9634
9635 9635
9636 9636
9637 9637
9638 9638
9639 9639
9640 9640
9641 9641
9642 9642
9643 9643
9664 9664
9665 9665
9666 9666
9667 9667
9668 9668
9669 9669
9670 9670
9671 9671
9672 9672
9677 9677
9678 9678
9682 9682
9685 9685
9686 9686
9691 9691
9692 9692
9695 9695
9726 9726
9758 9758
9761 9761
9764 9764
9766 9766
9837 9837
9870 9870
9873 9873
9900 9900
9906 9906
9946 9946
9951 9951
9952 9952
9953 9953
9955 9955
9956 9956
9973 9973
9975 9975
10015 10015
10018 10018
15560 15560
