424 424
428 428
5353 5353
5837 5837
5874 5874
5890 5890
5893 5893
5907 5907
5921 5921
5950 5950
5984 5984
5993 5993
6025 6025
6064 6064
6069 6069
6163 6163
6169 6169
6172 6172
6173 6173
6174 6174
6177 6177
6180 6180
6209 6209
6210 6210
6231 6231
6424 6424
6434 6434
6445 6445
6897 6897
6900 6900
6903 6903
6917 6917
6918 6918
6919 6919
6920 6920
6922 6922
6940 6940
6979 6979
6984 6984
6989 6989
7000 7000
7031 7031
7062 7062
7103 7103
7117 7117
7125 7125
7130 7130
7147 7147
7181 7181
7203 7203
7248 7248
7258 7258
7276 7276
7332 7332
7344 7344
7415 7415
7419 7419
8236 8236
8249 8249
8284 8284
8285 8285
8312 8312
8366 8366
8419 8419
9075 9075
9371 9371
9390 9390
9391 9391
9402 9402
9408 9408
9433 9433
9540 9540
9552 9552
9562 9562
9597 9597
9601 9601
9657 9657
9769 9769
9770 9770
9772 9772
9778 9778
9785 9785
9786 9786
9787 9787
9788 9788
9795 9795
9796 9796
9797 9797
9798 9798
9799 9799
9800 9800
9801 9801
9802 9802
9803 9803
9804 9804
9812 9812
9813 9813
9815 9815
9826 9826
9841 9841
9941 9941
9948 9948
10002 10002
10013 10013
