350 350
351 351
915 915
5741 5741
5748 5748
5772 5772
5811 5811
6009 6009
6010 6010
6011 6011
6012 6012
6013 6013
6043 6043
6046 6046
6137 6137
6138 6138
6140 6140
6141 6141
6142 6142
6145 6145
6243 6243
6913 6913
6968 6968
6982 6982
6986 6986
6992 6992
7014 7014
7071 7071
7094 7094
7096 7096
7102 7102
7106 7106
7119 7119
7120 7120
7126 7126
7127 7127
7133 7133
7162 7162
7208 7208
7217 7217
7244 7244
7250 7250
7273 7273
7353 7353
7354 7354
7387 7387
7394 7394
7430 7430
7475 7475
8214 8214
8234 8234
8241 8241
8247 8247
8256 8256
8258 8258
8264 8264
8343 8343
8357 8357
8420 8420
9412 9412
9503 9503
9521 9521
9527 9527
9529 9529
9547 9547
9549 9549
9557 9557
9561 9561
9564 9564
9567 9567
9573 9573
9576 9576
9577 9577
9584 9584
9591 9591
9655 9655
9656 9656
9723 9723
9725 9725
9819 9819
9827 9827
9828 9828
9830 9830
9846 9846
9860 9860
9874 9874
9880 9880
9883 9883
9885 9885
9886 9886
9892 9892
9912 9912
9914 9914
9915 9915
9918 9918
9920 9920
9921 9921
9924 9924
9925 9925
9926 9926
9949 9949
9950 9950
9964 9964
9968 9968
9985 9985
