680 680
681 681
932 932
4939 4939
5165 5165
5236 5236
5253 5253
5349 5349
5577 5577
5717 5717
5779 5779
5784 5784
5836 5836
6041 6041
6042 6042
6087 6087
6088 6088
6090 6090
6091 6091
6092 6092
6094 6094
6095 6095
6096 6096
6097 6097
6098 6098
6099 6099
6100 6100
6101 6101
6102 6102
6104 6104
6105 6105
6106 6106
6107 6107
6108 6108
6109 6109
6111 6111
6112 6112
6113 6113
6114 6114
6115 6115
6118 6118
6119 6119
6151 6151
6201 6201
6202 6202
6203 6203
6242 6242
6413 6413
6739 6739
6740 6740
6744 6744
6805 6805
6806 6806
6959 6959
6960 6960
6973 6973
6974 6974
7002 7002
7092 7092
7111 7111
7161 7161
7186 7186
7209 7209
7305 7305
7316 7316
7320 7320
7327 7327
7328 7328
7343 7343
7346 7346
7477 7477
8222 8222
8237 8237
8239 8239
8297 8297
8326 8326
8387 8387
8426 8426
8427 8427
9057 9057
9067 9067
9070 9070
9298 9298
9352 9352
9471 9471
9565 9565
9568 9568
9578 9578
9583 9583
9593 9593
9599 9599
9660 9660
9762 9762
9824 9824
9850 9850
9851 9851
9858 9858
9890 9890
9898 9898
9901 9901
9903 9903
9908 9908
9910 9910
9935 9935
9965 9965
9982 9982
10006 10006
