chr	rs	ps	n_miss	alpha	beta	gamma
1	snp_1_4631162	4631162	19	-7.244109e-06	-1.667555e-01	1.600000e-03
1	snp_1_22154420	22154420	5	5.121475e-06	2.081429e-01	1.260000e-03
1	snp_1_22601674	22601674	22	8.338079e-06	1.872091e-01	1.970000e-03
1	snp_1_24484943	24484943	11	7.180477e-06	2.016142e-01	1.140000e-03
1	snp_1_25570965	25570965	24	6.243363e-06	2.186500e-01	6.100000e-04
1	snp_1_25681787	25681787	25	1.064391e-05	1.473081e-01	7.680000e-03
1	snp_1_29293671	29293671	6	-9.071244e-06	-1.945911e-01	1.619000e-02
1	snp_1_29336627	29336627	22	-4.392627e-06	-2.404584e-01	2.500000e-04
1	snp_1_29423024	29423024	9	-6.079446e-06	-2.935197e-01	3.740000e-03
1	snp_1_29558943	29558943	10	-5.295489e-06	-2.400387e-01	2.600000e-04
1	snp_1_29640888	29640888	29	-7.751818e-06	-1.874240e-01	2.990000e-03
1	snp_1_5273595	5273595	16	-1.002434e-05	-1.534858e-01	3.120000e-03
1	snp_1_29759580	29759580	22	-4.076464e-06	-2.656513e-01	1.400000e-04
1	snp_1_30186985	30186985	23	-7.231880e-06	-1.865137e-01	1.180000e-03
1	snp_1_30305895	30305895	7	8.347200e-06	1.420890e-01	1.250000e-03
1	snp_1_7917473	7917473	30	7.191943e-06	1.279862e-01	6.500000e-04
1	snp_1_8283645	8283645	30	-5.536629e-06	-1.389126e-01	7.700000e-04
1	snp_1_16180936	16180936	24	-8.378969e-06	-1.629809e-01	1.120000e-03
1	snp_1_16228614	16228614	7	-9.369647e-06	-1.376483e-01	1.540000e-03
1	snp_1_17687117	17687117	21	-8.797200e-06	-1.151418e-01	1.100000e-03
1	snp_1_19957858	19957858	17	9.165486e-06	1.212880e-01	6.200000e-04
1	snp_1_21361167	21361167	28	1.021871e-05	1.248820e-01	2.670000e-03
2	snp_2_784430	784430	6	-5.201836e-06	-1.672191e-01	5.400000e-04
2	snp_2_5070454	5070454	8	-7.583250e-06	-2.192591e-01	4.930000e-03
2	snp_2_6668165	6668165	17	4.791125e-06	2.382103e-01	1.600000e-04
2	snp_2_7621051	7621051	25	-6.968721e-06	-1.485851e-01	4.200000e-04
2	snp_2_11502667	11502667	26	-5.055819e-06	-2.041133e-01	2.700000e-04
2	snp_2_11674627	11674627	17	5.264680e-06	3.268997e-01	1.440000e-03
3	snp_3_455777	455777	21	-6.163358e-06	-1.541292e-01	1.460000e-03
3	snp_3_9920558	9920558	26	-7.526431e-06	-1.558154e-01	4.900000e-04
3	snp_3_17279674	17279674	9	6.546410e-06	1.721409e-01	3.400000e-04
3	snp_3_19599247	19599247	23	-7.524946e-06	-1.580418e-01	4.300000e-04
3	snp_3_20030692	20030692	26	8.511832e-06	1.465172e-01	1.370000e-03
3	snp_3_22095743	22095743	23	7.340001e-06	1.842009e-01	1.010000e-03
3	snp_3_22939972	22939972	20	-8.753223e-06	-1.337878e-01	1.110000e-03
4	snp_4_13133716	13133716	24	-4.535826e-06	-2.378000e-01	2.300000e-04
4	snp_4_13611309	13611309	30	7.950025e-06	2.054542e-01	3.770000e-03
4	snp_4_16394656	16394656	15	7.234539e-06	2.071149e-01	2.010000e-03
4	snp_4_16434461	16434461	13	5.902078e-06	2.705407e-01	1.290000e-03
5	snp_5_837869	837869	9	7.478268e-06	2.212836e-01	3.040000e-03
5	snp_5_1931166	1931166	11	1.016448e-05	1.566152e-01	4.830000e-03
5	snp_5_15579099	15579099	15	-8.953964e-06	-1.085119e-01	1.150000e-03
5	snp_5_17801714	17801714	29	-7.670557e-06	-1.669352e-01	1.740000e-03
5	snp_5_20373062	20373062	15	4.990254e-06	1.774423e-01	4.600000e-04
5	snp_5_20833147	20833147	12	4.918793e-06	2.427388e-01	4.800000e-04
5	snp_5_22550655	22550655	27	1.125563e-05	1.726990e-01	1.473000e-02
5	snp_5_25909260	25909260	31	4.119576e-06	2.703587e-01	3.500000e-04
