chr	rs	ps	n_miss	alpha	beta	gamma
1	snp_1_2445785	2445785	15	9.029960e-06	4.858617e-02	1.430000e-03
1	snp_1_13328966	13328966	16	1.727816e-05	3.622898e-02	5.790000e-03
2	snp_2_135797	135797	2	1.298664e-05	5.320581e-02	7.210000e-03
2	snp_2_13579771	13579771	11	-2.723250e-06	0.000000e+00	0.000000e+00
2	snp_2_1768439	1768439	14	1.026608e-05	7.236802e-02	4.610000e-03
2	snp_2_1784864	1784864	20	9.792315e-06	7.110440e-02	9.800000e-04
2	snp_2_1787886	1787886	14	1.033813e-05	6.224132e-02	1.880000e-03
2	snp_2_1867287	1867287	10	8.014348e-06	6.764559e-02	1.380000e-03
2	snp_2_16783879	16783879	9	1.052478e-05	5.707421e-02	2.180000e-03
3	snp_3_865559	865559	7	1.341727e-05	6.883557e-02	1.752000e-02
3	snp_3_2566348	2566348	14	1.595688e-05	4.056629e-02	5.610000e-03
3	snp_3_4088655	4088655	18	-1.168688e-05	-7.642168e-02	3.677000e-02
3	snp_3_16932954	16932954	12	1.962497e-05	3.326173e-02	4.420000e-03
4	snp_4_1597365	1597365	20	1.322634e-05	7.274223e-02	8.442000e-02
4	snp_4_1601862	1601862	18	1.293204e-05	7.355215e-02	6.782000e-02
4	snp_4_1602704	1602704	10	1.219881e-05	6.358565e-02	1.299000e-02
4	snp_4_1603882	1603882	19	1.256089e-05	6.483092e-02	2.638000e-02
4	snp_4_6755397	6755397	10	1.197979e-05	6.442605e-02	1.411000e-02
4	snp_4_12078725	12078725	19	1.423914e-05	4.375712e-02	7.240000e-03
4	snp_4_15595006	15595006	15	6.067949e-06	1.007812e-01	3.100000e-04
4	snp_4_15627233	15627233	8	7.053737e-06	1.104638e-01	4.220000e-03
4	snp_4_15627234	15627234	6	8.800694e-06	1.251225e-01	4.220000e-02
4	snp_4_15631620	15631620	11	9.290976e-06	1.041278e-01	2.866000e-02
4	snp_4_15634372	15634372	7	9.479300e-06	1.035427e-01	5.218000e-02
5	snp_5_5137183	5137183	13	1.126640e-05	7.039444e-02	3.760000e-03
5	snp_5_5137188	5137188	12	1.060738e-05	6.846349e-02	5.780000e-03
5	snp_5_13466712	13466712	19	-2.109115e-05	-3.408340e-02	8.740000e-03
5	snp_5_17878398	17878398	11	-1.237425e-05	-5.981138e-02	2.900000e-03
5	snp_5_23906619	23906619	9	1.693763e-05	3.905638e-02	9.690000e-03
