chr	rs	ps	n_miss	alpha	beta	gamma
1	snp_1_4631162	4631162	19	-7.244109e-06	-1.667555e-01	1.600000e-03
1	snp_1_5273595	5273595	16	-1.002434e-05	-1.534858e-01	3.120000e-03
1	snp_1_16177519	16177519	21	-8.759856e-06	-1.613834e-01	1.760000e-03
1	snp_1_16179027	16179027	23	-8.190639e-06	-1.470284e-01	7.700000e-04
1	snp_1_16180936	16180936	24	-8.378969e-06	-1.629809e-01	1.120000e-03
1	snp_1_21361167	21361167	28	1.021871e-05	1.248820e-01	2.670000e-03
1	snp_1_22601674	22601674	22	8.338079e-06	1.872091e-01	1.970000e-03
1	snp_1_24484943	24484943	11	7.180477e-06	2.016142e-01	1.140000e-03
1	snp_1_25681787	25681787	25	1.064391e-05	1.473081e-01	7.680000e-03
1	snp_1_29293671	29293671	6	-9.071244e-06	-1.945911e-01	1.619000e-02
1	snp_1_29295489	29295489	11	-6.034056e-06	-1.778315e-01	9.900000e-04
1	snp_1_29336627	29336627	22	-4.392627e-06	-2.404584e-01	2.500000e-04
1	snp_1_29360441	29360441	30	-4.408068e-06	-2.784041e-01	1.500000e-04
1	snp_1_29366066	29366066	27	-6.300470e-06	-1.686281e-01	1.180000e-03
1	snp_1_29371152	29371152	23	-4.406299e-06	-2.299238e-01	2.400000e-04
1	snp_1_29384987	29384987	18	-8.241931e-06	-1.864289e-01	3.200000e-03
1	snp_1_29385076	29385076	31	-4.321636e-06	-2.575147e-01	2.200000e-04
1	snp_1_29397972	29397972	28	-4.236582e-06	-2.305166e-01	2.600000e-04
1	snp_1_29421391	29421391	10	-7.861520e-06	-1.439814e-01	1.860000e-03
1	snp_1_29422063	29422063	19	-4.533840e-06	-2.042862e-01	6.300000e-04
1	snp_1_29423024	29423024	9	-6.079446e-06	-2.935197e-01	3.740000e-03
1	snp_1_29442386	29442386	25	-4.397373e-06	-9.043545e-02	3.800000e-04
1	snp_1_29552186	29552186	5	-5.249955e-06	-1.175656e-01	7.000000e-04
1	snp_1_29558690	29558690	17	-5.140441e-06	-2.157797e-01	5.700000e-04
1	snp_1_29558943	29558943	10	-5.295489e-06	-2.400387e-01	2.600000e-04
1	snp_1_29559318	29559318	4	-5.160554e-06	-1.637728e-01	7.400000e-04
1	snp_1_29640775	29640775	15	-7.478977e-06	-1.265908e-01	5.000000e-04
1	snp_1_29640888	29640888	29	-7.751818e-06	-1.874240e-01	2.990000e-03
1	snp_1_29642219	29642219	9	-7.353717e-06	-1.397325e-01	7.900000e-04
1	snp_1_30186985	30186985	23	-7.231880e-06	-1.865137e-01	1.180000e-03
2	snp_2_784430	784430	6	-5.201836e-06	-1.672191e-01	5.400000e-04
2	snp_2_5070454	5070454	8	-7.583250e-06	-2.192591e-01	4.930000e-03
2	snp_2_11674624	11674624	17	5.229891e-06	2.987016e-01	2.130000e-03
2	snp_2_11674627	11674627	17	5.264680e-06	3.268997e-01	1.440000e-03
3	snp_3_455777	455777	21	-6.163358e-06	-1.541292e-01	1.460000e-03
3	snp_3_20030692	20030692	26	8.511832e-06	1.465172e-01	1.370000e-03
4	snp_4_13611309	13611309	30	7.950025e-06	2.054542e-01	3.770000e-03
4	snp_4_16389523	16389523	14	6.404173e-06	1.981397e-01	1.250000e-03
4	snp_4_16394656	16394656	15	7.234539e-06	2.071149e-01	2.010000e-03
4	snp_4_16394937	16394937	10	6.908264e-06	1.544028e-01	1.230000e-03
4	snp_4_16394973	16394973	27	6.598541e-06	1.592866e-01	8.600000e-04
4	snp_4_16395339	16395339	15	6.639245e-06	1.884149e-01	3.400000e-04
4	snp_4_16395353	16395353	14	6.469820e-06	1.713341e-01	5.900000e-04
4	snp_4_16395549	16395549	19	7.117678e-06	1.626245e-01	1.510000e-03
4	snp_4_16397393	16397393	30	4.396208e-06	2.688576e-01	2.900000e-04
4	snp_4_16424638	16424638	9	5.754901e-06	2.551115e-01	1.220000e-03
4	snp_4_16431838	16431838	29	5.776153e-06	2.285301e-01	8.400000e-04
4	snp_4_16434461	16434461	13	5.902078e-06	2.705407e-01	1.290000e-03
4	snp_4_16444504	16444504	11	5.595632e-06	2.267130e-01	1.230000e-03
5	snp_5_837869	837869	9	7.478268e-06	2.212836e-01	3.040000e-03
5	snp_5_837901	837901	7	7.335964e-06	2.020131e-01	2.540000e-03
5	snp_5_1931166	1931166	11	1.016448e-05	1.566152e-01	4.830000e-03
5	snp_5_20833147	20833147	12	4.918793e-06	2.427388e-01	4.800000e-04
5	snp_5_22539020	22539020	31	-8.636026e-06	-1.341027e-01	1.720000e-03
5	snp_5_22550655	22550655	27	1.125563e-05	1.726990e-01	1.473000e-02
5	snp_5_22554198	22554198	9	6.843031e-06	1.981521e-01	1.640000e-03
