chr	rs	ps	n_miss	alpha	beta	gamma
1	snp_1_435598	435598	9	-6.020152e-06	-5.911131e-02	1.260000e-03
1	snp_1_14008570	14008570	9	7.299221e-06	6.213935e-02	2.440000e-03
1	snp_1_14142053	14142053	15	6.508301e-06	5.440943e-02	2.350000e-03
1	snp_1_16920762	16920762	15	8.321635e-06	4.970057e-02	1.880000e-03
1	snp_1_19775987	19775987	0	-7.015961e-06	-5.451602e-02	2.030000e-03
1	snp_1_24059214	24059214	10	1.534171e-05	3.763466e-02	3.377000e-02
1	snp_1_24598942	24598942	5	-6.070376e-06	-5.308755e-02	9.500000e-04
1	snp_1_28960616	28960616	6	1.045456e-05	4.957718e-02	5.065600e-01
1	snp_1_1977822	1977822	7	-8.399098e-06	-4.931478e-02	1.520000e-03
1	snp_1_3052756	3052756	2	7.813918e-06	5.391412e-02	1.870000e-03
1	snp_1_5059790	5059790	17	7.722550e-06	4.119688e-02	1.940000e-03
1	snp_1_6943971	6943971	13	-1.124901e-05	-4.733286e-02	1.519000e-02
1	snp_1_9931159	9931159	13	1.173014e-05	4.017755e-02	5.640000e-03
1	snp_1_10941084	10941084	7	3.705737e-06	8.983893e-02	2.400000e-04
1	snp_1_11969574	11969574	11	1.460281e-05	3.809936e-02	2.621000e-02
1	snp_1_12025283	12025283	15	1.245915e-05	3.123045e-02	1.220000e-03
2	snp_2_1707166	1707166	7	7.542199e-06	5.989709e-02	3.040000e-03
2	snp_2_18573199	18573199	3	-5.980272e-06	-6.177492e-02	2.700000e-04
2	snp_2_18847549	18847549	11	1.233721e-05	3.465419e-02	4.410000e-03
3	snp_3_424584	424584	17	7.681597e-06	4.606298e-02	1.830000e-03
3	snp_3_16392667	16392667	10	8.328473e-06	5.244264e-02	2.070000e-03
3	snp_3_18497478	18497478	2	5.268410e-06	7.331788e-02	1.460000e-03
3	snp_3_18812433	18812433	10	-7.270791e-06	-6.331797e-02	2.630000e-03
3	snp_3_19614644	19614644	8	6.385183e-06	6.903258e-02	9.200000e-04
3	snp_3_23366427	23366427	4	4.624389e-06	9.365690e-02	2.430000e-03
3	snp_3_545320	545320	14	1.235767e-05	3.413231e-02	1.130000e-03
3	snp_3_5453204	5453204	14	3.027607e-06	0.000000e+00	0.000000e+00
3	snp_3_1005999	1005999	18	-1.308483e-05	-3.502077e-02	3.320000e-03
3	snp_3_7509899	7509899	7	5.938192e-06	7.014369e-02	9.400000e-04
3	snp_3_7683665	7683665	7	6.751885e-06	4.903045e-02	2.100000e-04
3	snp_3_8891990	8891990	20	9.473651e-06	4.321109e-02	2.100000e-03
3	snp_3_9131277	9131277	14	-7.578583e-06	-5.374279e-02	4.900000e-04
3	snp_3_9569179	9569179	11	-1.199721e-05	-3.637090e-02	2.020000e-03
3	snp_3_10178857	10178857	20	6.795458e-06	4.739122e-02	5.100000e-04
4	snp_4_8017248	8017248	17	8.415167e-06	7.398322e-02	1.370000e-02
4	snp_4_11880639	11880639	8	-7.767289e-06	-5.044677e-02	1.940000e-03
4	snp_4_14799256	14799256	14	1.069951e-05	3.925447e-02	9.700000e-04
4	snp_4_14823304	14823304	7	-1.241848e-05	-3.632624e-02	4.530000e-03
4	snp_4_15595006	15595006	15	4.093647e-06	9.891983e-02	8.000000e-04
4	snp_4_15627234	15627234	6	5.029922e-06	9.101572e-02	1.540000e-03
5	snp_5_345336	345336	8	-1.276518e-05	-4.165276e-02	2.955000e-02
5	snp_5_20870482	20870482	11	-7.566818e-06	-6.007310e-02	1.480000e-03
5	snp_5_25326035	25326035	9	5.899750e-06	6.480413e-02	1.140000e-03
5	snp_5_26473466	26473466	3	1.024161e-05	5.115699e-02	1.200000e-02
5	snp_5_628109	628109	9	-8.330572e-06	-4.797794e-02	2.470000e-03
5	snp_5_870273	870273	5	-7.766138e-06	-6.874097e-02	9.040000e-03
5	snp_5_891939	891939	5	-8.169687e-06	-5.683594e-02	4.150000e-03
5	snp_5_3450444	3450444	13	1.285148e-05	3.691137e-02	5.130000e-03
5	snp_5_6494640	6494640	12	7.442901e-06	5.259650e-02	2.050000e-03
5	snp_5_8507738	8507738	19	1.238948e-05	3.925361e-02	4.940000e-03
5	snp_5_9914807	9914807	14	1.012399e-05	4.190560e-02	2.580000e-03
5	snp_5_18222186	18222186	14	5.446612e-06	5.024304e-02	2.100000e-04
