chr	rs	ps	n_miss	alpha	beta	gamma
1	snp_1_85897	85897	16	9.702533e-06	5.091287e-02	3.120000e-03
1	snp_1_858977	858977	5	-3.415299e-06	-8.706634e-03	6.900000e-04
1	snp_1_2269811	2269811	6	1.101506e-05	3.304693e-02	3.550000e-03
1	snp_1_2269817	2269817	6	1.184759e-05	3.693540e-02	9.030000e-03
1	snp_1_2269820	2269820	13	1.151965e-05	4.047887e-02	6.520000e-03
1	snp_1_5281220	5281220	13	1.170290e-05	3.152711e-02	1.860000e-03
1	snp_1_5281263	5281263	9	1.191474e-05	4.037810e-02	5.920000e-03
1	snp_1_10061491	10061491	8	9.750482e-06	3.870039e-02	4.140000e-03
1	snp_1_12266457	12266457	6	7.120454e-06	5.136277e-02	7.000000e-04
1	snp_1_12698954	12698954	19	-1.055729e-05	-5.017001e-02	1.380000e-02
1	snp_1_14006531	14006531	5	7.202878e-06	4.876199e-02	1.630000e-03
1	snp_1_14007403	14007403	3	7.200710e-06	2.856075e-02	1.390000e-03
1	snp_1_14015798	14015798	8	7.320270e-06	4.858622e-02	1.680000e-03
1	snp_1_16659438	16659438	11	-9.480451e-06	-2.878268e-02	4.460000e-03
1	snp_1_18844475	18844475	7	4.661162e-06	6.224612e-02	2.700000e-04
1	snp_1_19208726	19208726	8	9.271453e-06	5.785478e-02	7.190000e-03
1	snp_1_24956932	24956932	11	-9.392028e-06	-6.066164e-02	8.660000e-03
1	snp_1_26534647	26534647	14	-9.625012e-06	-3.861148e-02	2.890000e-03
1	snp_1_26534652	26534652	10	-9.606085e-06	-4.080886e-02	1.260000e-03
1	snp_1_28905306	28905306	15	8.734248e-06	4.352899e-02	1.650000e-03
1	snp_1_28905318	28905318	9	9.923176e-06	4.642121e-02	4.280000e-03
1	snp_1_28906692	28906692	11	8.294087e-06	4.922146e-02	7.810000e-03
2	snp_2_135797	135797	2	1.073299e-05	5.244070e-02	9.040000e-03
2	snp_2_13579771	13579771	11	-4.020124e-06	0.000000e+00	0.000000e+00
2	snp_2_9074174	9074174	15	8.718822e-06	6.219001e-02	1.652000e-02
2	snp_2_9673247	9673247	10	4.911684e-06	5.567106e-02	8.100000e-04
2	snp_2_9684609	9684609	19	8.430691e-06	4.770413e-02	1.750000e-03
2	snp_2_13656781	13656781	14	-1.326753e-05	-3.446417e-02	2.780000e-03
3	snp_3_572390	572390	9	6.058661e-06	7.318129e-02	7.000000e-04
3	snp_3_593437	593437	12	7.272508e-06	3.816796e-02	1.850000e-03
3	snp_3_865559	865559	7	8.558762e-06	5.787215e-02	8.200000e-04
3	snp_3_2566348	2566348	14	1.231974e-05	3.371679e-02	7.910000e-03
3	snp_3_19634804	19634804	14	1.357352e-05	2.781182e-02	5.280000e-03
3	snp_3_19649728	19649728	7	1.153238e-05	3.671594e-02	3.010000e-03
3	snp_3_19651636	19651636	6	1.214437e-05	3.430150e-02	5.540000e-03
3	snp_3_19651831	19651831	5	1.258117e-05	3.897009e-02	4.490000e-03
3	snp_3_20005250	20005250	17	-5.989790e-06	-6.894936e-02	3.300000e-04
4	snp_4_1597365	1597365	20	9.764022e-06	7.056048e-02	7.203000e-02
4	snp_4_1600727	1600727	14	8.221175e-06	4.105065e-02	2.050000e-03
4	snp_4_1601862	1601862	18	9.907995e-06	7.524302e-02	1.630400e-01
4	snp_4_1602704	1602704	10	8.920969e-06	5.470562e-02	1.882000e-02
4	snp_4_1603882	1603882	19	8.217052e-06	4.515539e-02	3.870000e-03
4	snp_4_2728605	2728605	11	6.888964e-06	4.805421e-02	2.320000e-03
4	snp_4_2728996	2728996	8	6.871854e-06	5.157476e-02	1.840000e-03
4	snp_4_7168645	7168645	16	1.656688e-05	3.267991e-02	1.892000e-02
4	snp_4_7168665	7168665	11	1.533799e-05	2.811343e-02	1.084000e-02
4	snp_4_7168848	7168848	15	1.749111e-05	3.317545e-02	4.447000e-02
4	snp_4_9122466	9122466	7	-1.248070e-05	-2.766987e-02	4.410000e-03
4	snp_4_10200623	10200623	13	7.293167e-06	6.498916e-02	1.430000e-03
4	snp_4_10207154	10207154	14	9.712364e-06	6.086769e-02	7.970000e-03
4	snp_4_10207831	10207831	6	8.338500e-06	3.302995e-02	3.150000e-03
4	snp_4_10207901	10207901	9	8.736130e-06	2.997269e-02	1.890000e-03
4	snp_4_10208212	10208212	12	8.827970e-06	4.573354e-02	3.200000e-03
4	snp_4_10208213	10208213	13	8.821860e-06	4.911788e-02	2.000000e-03
4	snp_4_11553237	11553237	15	1.500859e-05	2.934316e-02	1.378000e-02
4	snp_4_12078725	12078725	19	9.716022e-06	3.323276e-02	3.280000e-03
4	snp_4_12434510	12434510	3	7.487297e-06	7.129066e-02	2.520000e-03
4	snp_4_12442396	12442396	11	7.479403e-06	6.366559e-02	4.330000e-03
4	snp_4_14454821	14454821	19	-1.429094e-05	-2.808126e-02	4.790000e-03
4	snp_4_15595006	15595006	15	4.473499e-06	7.423132e-02	2.400000e-04
4	snp_4_15627233	15627233	8	5.100097e-06	7.128655e-02	2.700000e-04
4	snp_4_15627234	15627234	6	6.263672e-06	9.156552e-02	3.970000e-03
4	snp_4_15631620	15631620	11	6.455450e-06	6.891381e-02	1.440000e-03
4	snp_4_15634372	15634372	7	6.618511e-06	6.028297e-02	1.360000e-03
5	snp_5_11469505	11469505	16	-9.145589e-06	-4.099791e-02	8.080000e-03
5	snp_5_18677141	18677141	12	9.104806e-06	6.311776e-02	4.560000e-03
5	snp_5_18677171	18677171	12	9.177037e-06	6.205333e-02	5.850000e-03
5	snp_5_18677229	18677229	11	9.065108e-06	5.801656e-02	5.390000e-03
5	snp_5_22606506	22606506	10	-9.525717e-06	-4.170185e-02	6.170000e-03
5	snp_5_22606526	22606526	11	-9.556309e-06	-3.751325e-02	1.660000e-03
5	snp_5_22606591	22606591	9	-1.095773e-05	-3.766839e-02	7.300000e-04
5	snp_5_22606717	22606717	10	-9.116651e-06	-4.317155e-02	1.440000e-03
5	snp_5_23906619	23906619	9	1.290866e-05	3.902336e-02	7.020000e-03
5	snp_5_24286074	24286074	10	-1.405499e-05	-3.029771e-02	7.410000e-03
5	snp_5_25068796	25068796	15	-1.299300e-05	-4.199638e-02	1.792000e-02
