chr	rs	ps	n_miss	alpha	beta	gamma
1	snp_1_232039	232039	10	1.019745e-04	2.511843e+00	1.280000e-03
1	snp_1_23203908	23203908	23	5.779988e-06	0.000000e+00	0.000000e+00
1	snp_1_23203912	23203912	23	1.477040e-05	6.065465e-02	5.100000e-04
1	snp_1_23203918	23203918	18	-6.268166e-06	0.000000e+00	0.000000e+00
1	snp_1_23203932	23203932	17	-8.456850e-06	0.000000e+00	0.000000e+00
1	snp_1_23203953	23203953	19	-5.240066e-05	0.000000e+00	0.000000e+00
1	snp_1_19957858	19957858	17	1.801339e-04	2.053695e+00	4.020000e-03
1	snp_1_22601674	22601674	22	1.470705e-04	1.999104e+00	8.500000e-04
1	snp_1_25453786	25453786	12	1.053380e-04	2.716708e+00	8.000000e-04
1	snp_1_25584004	25584004	28	1.041212e-04	2.359073e+00	3.900000e-04
1	snp_1_25681787	25681787	25	1.936655e-04	1.478712e+00	9.260000e-03
1	snp_1_27866170	27866170	15	7.764588e-05	3.856675e+00	3.000000e-05
1	snp_1_29293671	29293671	6	-1.626407e-04	-2.543179e+00	1.044000e-02
1	snp_1_29336627	29336627	22	-8.048799e-05	-2.925236e+00	4.000000e-04
1	snp_1_29384987	29384987	18	-1.492822e-04	-2.150783e+00	3.540000e-03
1	snp_1_29558943	29558943	10	-9.424383e-05	-3.034880e+00	1.700000e-04
1	snp_1_790466	790466	26	8.647768e-05	6.456115e-01	5.500000e-04
1	snp_1_29640888	29640888	29	-1.469187e-04	-2.249694e+00	4.960000e-03
1	snp_1_30186985	30186985	23	-1.273817e-04	-1.651919e+00	7.900000e-04
1	snp_1_30297037	30297037	14	1.757775e-04	1.325135e+00	3.910000e-03
1	snp_1_30328791	30328791	29	1.591632e-04	1.850345e+00	7.200000e-04
1	snp_1_824655	824655	19	1.366769e-04	1.330502e+00	4.500000e-04
1	snp_1_5273595	5273595	16	-1.810895e-04	-1.561833e+00	4.430000e-03
1	snp_1_9221773	9221773	28	1.228190e-04	1.198972e+00	2.180000e-03
1	snp_1_16228614	16228614	7	-1.688949e-04	-1.587678e+00	2.620000e-03
1	snp_1_17953233	17953233	22	1.435421e-04	1.559261e+00	1.050000e-03
1	snp_1_18277985	18277985	6	6.893790e-05	1.853410e+00	3.400000e-04
1	snp_1_18903317	18903317	8	1.297355e-04	1.969126e+00	1.190000e-03
2	snp_2_5070454	5070454	8	-1.321134e-04	-2.121541e+00	3.740000e-03
2	snp_2_18807203	18807203	20	-1.241810e-04	-1.307197e+00	1.550000e-03
2	snp_2_7386778	7386778	18	1.423025e-04	2.157994e+00	1.060000e-03
2	snp_2_7591171	7591171	21	9.370470e-05	3.059401e+00	6.500000e-04
2	snp_2_9877226	9877226	31	1.199561e-04	1.830815e+00	1.680000e-03
2	snp_2_9900087	9900087	7	8.444336e-05	1.186670e+00	2.700000e-04
2	snp_2_10729649	10729649	31	8.978032e-05	2.372065e+00	2.400000e-04
2	snp_2_12165582	12165582	15	-1.168124e-04	-2.487758e+00	5.000000e-04
2	snp_2_12481857	12481857	12	9.794293e-05	3.252545e+00	2.600000e-04
2	snp_2_12610217	12610217	18	8.273452e-05	3.970063e+00	5.200000e-04
3	snp_3_724328	724328	14	9.001748e-05	1.751681e+00	5.700000e-04
3	snp_3_20030692	20030692	26	1.498150e-04	1.733486e+00	1.860000e-03
3	snp_3_22939972	22939972	20	-1.654788e-04	-1.575244e+00	2.100000e-03
4	snp_4_6245267	6245267	6	1.115108e-04	1.645635e+00	9.200000e-04
4	snp_4_6924771	6924771	25	-1.800293e-04	-1.298588e+00	2.170000e-03
4	snp_4_9887870	9887870	26	8.862948e-05	2.840414e+00	5.100000e-04
4	snp_4_13543655	13543655	19	1.632164e-04	1.546205e+00	1.510000e-03
4	snp_4_13611309	13611309	30	1.340899e-04	2.202389e+00	2.140000e-03
4	snp_4_13666244	13666244	25	1.030424e-04	2.662445e+00	2.900000e-04
4	snp_4_14158225	14158225	13	7.900557e-05	3.073101e+00	2.400000e-04
4	snp_4_16397393	16397393	30	8.259727e-05	2.553822e+00	6.400000e-04
4	snp_4_16434461	16434461	13	1.030829e-04	2.331415e+00	6.600000e-04
5	snp_5_513686	513686	27	-1.676938e-04	-1.131683e+00	1.520000e-03
5	snp_5_837869	837869	9	1.288042e-04	2.744555e+00	1.070000e-03
5	snp_5_18054670	18054670	20	7.799776e-05	1.690959e+00	5.100000e-04
5	snp_5_20373062	20373062	15	9.700213e-05	2.020532e+00	8.000000e-04
5	snp_5_23606997	23606997	13	1.046784e-04	2.018202e+00	5.800000e-04
