chr	rs	ps	n_miss	alpha	beta	gamma
1	snp_1_52910	52910	4	3.107258e-06	7.880121e-02	7.800000e-04
1	snp_1_12242630	12242630	6	2.996022e-06	5.936293e-02	3.400000e-04
1	snp_1_16641106	16641106	19	-2.414408e-06	-8.568243e-02	3.800000e-04
1	snp_1_18807824	18807824	13	-3.188484e-06	-1.054288e-01	2.900000e-04
1	snp_1_18896379	18896379	16	-3.325621e-06	-1.063289e-01	1.100000e-03
1	snp_1_23222601	23222601	18	3.648771e-06	8.567671e-02	1.340000e-03
1	snp_1_25487805	25487805	13	-4.023778e-06	-8.059791e-02	8.900000e-04
1	snp_1_26074468	26074468	4	-4.564453e-06	-5.745936e-02	8.100000e-04
1	snp_1_26832191	26832191	7	-2.495713e-06	-1.298156e-01	7.400000e-04
1	snp_1_27445238	27445238	10	-3.938304e-06	-7.530686e-02	4.200000e-04
1	snp_1_29392295	29392295	8	-3.324307e-06	-6.786302e-02	1.790000e-03
1	snp_1_2854801	2854801	19	-3.215812e-06	-1.143881e-01	2.100000e-04
1	snp_1_5212740	5212740	9	-2.828355e-06	-1.109944e-01	1.600000e-04
1	snp_1_6152894	6152894	6	-3.558920e-06	-6.564815e-02	9.400000e-04
1	snp_1_6651568	6651568	11	3.498185e-06	1.060273e-01	3.600000e-04
1	snp_1_8586686	8586686	13	5.572484e-06	6.604266e-02	4.010000e-03
1	snp_1_9040813	9040813	15	-3.341759e-06	-1.640880e-01	7.960000e-03
1	snp_1_11002461	11002461	9	-2.745525e-06	-1.073018e-01	6.800000e-04
1	snp_1_12001120	12001120	13	-3.474127e-06	-6.541778e-02	6.800000e-04
2	snp_2_94430	94430	17	-3.125350e-06	-4.197912e-02	1.320000e-03
2	snp_2_2273687	2273687	12	-5.220317e-06	-8.214194e-02	1.205000e-02
2	snp_2_2974172	2974172	18	-2.734196e-06	-2.595215e-02	1.100000e-03
2	snp_2_5680129	5680129	7	-3.338205e-06	-9.711881e-02	8.600000e-04
2	snp_2_8074168	8074168	7	-2.781640e-06	-6.554717e-02	3.100000e-04
2	snp_2_10181120	10181120	17	3.609116e-06	8.248612e-02	8.600000e-04
2	snp_2_11505178	11505178	8	4.232852e-06	5.729235e-02	9.700000e-04
2	snp_2_15260206	15260206	5	-2.276341e-06	-5.337159e-02	4.900000e-04
2	snp_2_17136024	17136024	9	2.527310e-06	9.042317e-02	3.400000e-04
3	snp_3_655370	655370	15	-2.231725e-06	-7.118690e-02	3.200000e-04
3	snp_3_20824705	20824705	16	5.077743e-06	4.645134e-02	1.450000e-03
3	snp_3_5265244	5265244	6	-3.668345e-06	-7.370439e-02	7.300000e-04
3	snp_3_6121586	6121586	15	-3.990559e-06	-3.938106e-02	1.620000e-03
3	snp_3_7027459	7027459	10	-2.634091e-06	-1.807005e-01	2.300000e-03
3	snp_3_7431089	7431089	6	2.700831e-06	1.289796e-01	4.400000e-04
3	snp_3_9926079	9926079	8	5.126985e-06	5.856424e-02	1.860000e-03
3	snp_3_12586845	12586845	15	3.590897e-06	4.240865e-02	5.800000e-04
3	snp_3_19604878	19604878	9	3.554072e-06	1.449909e-01	4.530000e-03
3	snp_3_20474140	20474140	8	-3.909975e-06	-6.466377e-02	1.030000e-03
4	snp_4_6237538	6237538	12	3.924011e-06	7.667532e-02	6.100000e-04
4	snp_4_7138125	7138125	12	3.381399e-06	3.715379e-02	2.860000e-03
4	snp_4_7453224	7453224	19	-5.560052e-06	-8.222914e-02	6.420000e-03
4	snp_4_7523374	7523374	19	4.170353e-06	5.874199e-02	6.000000e-04
4	snp_4_9010430	9010430	10	-5.217292e-06	-5.510927e-02	1.020000e-03
4	snp_4_9137311	9137311	16	-3.706446e-06	-8.671663e-02	1.400000e-04
4	snp_4_9137311	9137311	16	-3.706446e-06	-8.671663e-02	1.400000e-04
4	snp_4_12173276	12173276	16	-4.670890e-06	-7.972493e-02	9.700000e-04
4	snp_4_13153640	13153640	18	2.720279e-06	4.591522e-02	8.300000e-04
5	snp_5_996382	996382	6	-4.327285e-06	-9.175242e-02	5.240000e-03
5	snp_5_17121111	17121111	19	4.511003e-06	6.307256e-02	5.000000e-04
5	snp_5_22074346	22074346	18	-1.475240e-06	-1.847897e-01	2.000000e-04
5	snp_5_24229788	24229788	8	3.549458e-06	6.717688e-02	6.900000e-04
5	snp_5_24280951	24280951	9	5.389833e-06	7.005102e-02	1.190000e-03
5	snp_5_1055415	1055415	8	-3.692935e-06	-9.851232e-02	7.500000e-04
5	snp_5_1284843	1284843	6	5.743694e-06	7.378879e-02	7.780000e-03
5	snp_5_3450444	3450444	13	5.631277e-06	7.887989e-02	9.100000e-03
5	snp_5_8630177	8630177	7	-3.127039e-06	-1.682823e-02	1.760000e-03
5	snp_5_9577230	9577230	19	-1.575660e-06	-1.610228e-01	1.000000e-04
5	snp_5_14814352	14814352	10	-4.105245e-06	-3.969088e-02	1.910000e-03
5	snp_5_14814352	14814352	10	-4.105245e-06	-3.969088e-02	1.910000e-03
5	snp_5_14814352	14814352	10	-4.105245e-06	-3.969088e-02	1.910000e-03
5	snp_5_14814352	14814352	10	-4.105245e-06	-3.969088e-02	1.910000e-03
5	snp_5_16289260	16289260	8	2.661387e-06	6.622098e-02	7.100000e-04
5	snp_5_17035182	17035182	8	2.577837e-06	6.313456e-02	2.000000e-04
