chr	rs	ps	n_miss	alpha	beta	gamma
1	snp_1_10853554	10853554	12	3.611252e-06	1.509663e-02	1.700000e-03
1	snp_1_13470184	13470184	8	-4.120216e-06	-1.531499e-02	4.230000e-03
1	snp_1_18035850	18035850	18	1.935658e-06	2.642555e-02	8.000000e-04
1	snp_1_22701150	22701150	12	3.876572e-06	1.705705e-02	1.870000e-03
1	snp_1_22702403	22702403	20	4.839232e-06	1.872807e-02	7.420000e-03
1	snp_1_22703185	22703185	8	4.677006e-06	1.316283e-02	3.880000e-03
1	snp_1_22703236	22703236	5	4.598817e-06	1.316692e-02	3.140000e-03
1	snp_1_23194570	23194570	14	-5.301628e-06	-1.357161e-02	2.990000e-03
1	snp_1_23194596	23194596	13	-5.011712e-06	-1.180237e-02	4.710000e-03
1	snp_1_23815108	23815108	7	3.858447e-06	1.916122e-02	5.120000e-03
1	snp_1_23815863	23815863	8	3.372869e-06	1.082241e-02	1.810000e-03
1	snp_1_23860009	23860009	11	3.489863e-06	1.759881e-02	1.370000e-03
1	snp_1_23872093	23872093	15	3.026742e-06	2.658860e-02	6.260000e-03
1	snp_1_24668317	24668317	19	3.341251e-06	2.781173e-02	8.300000e-03
1	snp_1_24668319	24668319	19	3.172154e-06	3.031225e-02	3.500000e-03
1	snp_1_24689373	24689373	11	3.426923e-06	1.836533e-02	2.110000e-03
1	snp_1_24698145	24698145	14	2.924965e-06	2.977854e-02	4.820000e-03
1	snp_1_26901573	26901573	4	3.144696e-06	1.997863e-02	1.370000e-03
1	snp_1_27424826	27424826	8	3.473443e-06	2.100249e-02	3.500000e-04
2	snp_2_5390673	5390673	14	5.634313e-06	1.145533e-02	1.080000e-03
2	snp_2_6360026	6360026	11	-4.762519e-06	-1.284908e-02	1.400000e-03
2	snp_2_6360143	6360143	4	-4.793961e-06	-1.138262e-02	3.040000e-03
2	snp_2_6360194	6360194	11	-4.916759e-06	-1.459257e-02	2.410000e-03
2	snp_2_8336716	8336716	11	3.719745e-06	1.404876e-02	2.140000e-03
2	snp_2_8356008	8356008	18	2.825154e-06	2.211743e-02	2.040000e-03
2	snp_2_8357875	8357875	2	3.055664e-06	2.340917e-02	7.600000e-04
2	snp_2_8358855	8358855	1	3.081872e-06	2.365048e-02	2.460000e-03
2	snp_2_8360099	8360099	8	3.021123e-06	1.637744e-02	1.280000e-03
2	snp_2_8360445	8360445	10	3.199418e-06	2.365073e-02	2.780000e-03
2	snp_2_11203918	11203918	10	5.377612e-06	1.385499e-02	5.730000e-03
2	snp_2_11678443	11678443	20	3.919900e-06	2.817377e-02	3.107000e-02
2	snp_2_13012758	13012758	16	4.205249e-06	1.529574e-02	4.950000e-03
2	snp_2_16420776	16420776	13	4.384269e-06	1.307228e-02	1.610000e-03
2	snp_2_17160802	17160802	14	5.943911e-06	1.472476e-02	1.117000e-02
3	snp_3_4088655	4088655	18	-2.710647e-06	-2.568000e-02	2.060000e-03
3	snp_3_5383184	5383184	14	2.338121e-06	2.713547e-02	7.700000e-04
3	snp_3_19282322	19282322	15	2.715799e-06	1.955607e-02	3.820000e-03
3	snp_3_19283497	19283497	7	2.787973e-06	2.376775e-02	1.100000e-03
4	snp_4_2683832	2683832	8	4.034618e-06	1.600421e-02	9.460000e-03
4	snp_4_6755397	6755397	10	3.263108e-06	2.506412e-02	5.040000e-03
4	snp_4_7891586	7891586	17	5.404599e-06	1.156737e-02	2.460000e-03
4	snp_4_8826941	8826941	12	-6.261500e-06	-1.454879e-02	2.874000e-02
4	snp_4_9471941	9471941	10	4.887538e-06	1.569312e-02	1.740000e-03
4	snp_4_15627234	15627234	6	2.053925e-06	2.874666e-02	1.170000e-03
4	snp_4_15631620	15631620	11	2.390802e-06	3.788826e-02	3.050000e-03
4	snp_4_15634372	15634372	7	2.411163e-06	3.292299e-02	3.620000e-03
5	snp_5_8888782	8888782	19	4.575624e-06	1.489615e-02	3.190000e-03
5	snp_5_14317338	14317338	11	-4.446407e-06	-1.718720e-02	4.090000e-03
5	snp_5_17878398	17878398	11	-3.505101e-06	-2.574677e-02	4.150000e-03
5	snp_5_18036846	18036846	17	4.337132e-06	2.668459e-02	4.843000e-02
5	snp_5_18152180	18152180	13	-3.173817e-06	-1.196298e-02	2.210000e-03
5	snp_5_18152788	18152788	16	-3.174964e-06	-1.867792e-02	1.760000e-03
5	snp_5_18154585	18154585	18	-2.807306e-06	-1.863556e-02	4.400000e-04
5	snp_5_18448206	18448206	17	3.779298e-06	2.985865e-02	5.285000e-02
5	snp_5_18448310	18448310	7	3.557818e-06	2.422025e-02	1.530000e-02
5	snp_5_18448455	18448455	5	3.786720e-06	2.745459e-02	3.095000e-02
5	snp_5_18448956	18448956	14	3.325906e-06	2.130064e-02	1.828000e-02
5	snp_5_18449009	18449009	17	3.187888e-06	2.469473e-02	3.090000e-03
5	snp_5_18449971	18449971	20	4.102441e-06	1.776750e-02	1.790000e-03
5	snp_5_24172892	24172892	9	3.323488e-06	2.105679e-02	2.090000e-03
