chr	rs	ps	n_miss	alpha	beta	gamma
1	snp_1_4223873	4223873	9	-3.150166e-05	-7.245732e-02	1.251000e-02
1	snp_1_25766155	25766155	15	-3.209026e-05	-8.236551e-02	8.139000e-02
1	snp_1_28960616	28960616	6	3.378522e-05	7.232246e-02	1.586000e-02
1	snp_1_9935032	9935032	13	2.344949e-05	9.505001e-02	2.879000e-02
1	snp_1_13065932	13065932	6	2.294922e-05	8.568809e-02	2.770000e-03
1	snp_1_14015798	14015798	8	1.596559e-05	8.471737e-02	1.430000e-03
1	snp_1_17443167	17443167	17	-3.031152e-05	-5.107834e-02	8.800000e-03
1	snp_1_21664313	21664313	14	3.557741e-05	6.336342e-02	2.108000e-02
1	snp_1_22255145	22255145	9	3.435425e-05	6.782009e-02	8.980000e-03
1	snp_1_22580617	22580617	18	-1.953152e-05	-1.085821e-01	4.210000e-03
1	snp_1_24059214	24059214	10	3.562980e-05	6.066363e-02	1.614000e-02
2	snp_2_1867702	1867702	12	1.374272e-05	1.180716e-01	8.800000e-04
2	snp_2_11501109	11501109	7	-2.866157e-05	-9.061985e-02	4.995000e-02
2	snp_2_13656781	13656781	14	-3.063474e-05	-7.658705e-02	1.800000e-02
2	snp_2_14483753	14483753	14	-3.189079e-05	-6.948331e-02	1.739000e-02
2	snp_2_15615959	15615959	11	1.244499e-05	1.008315e-01	1.240000e-03
2	snp_2_17495919	17495919	20	2.038778e-05	8.508935e-02	7.630000e-03
2	snp_2_17552653	17552653	20	3.153079e-05	6.579784e-02	1.592000e-02
3	snp_3_815303	815303	11	1.645850e-05	4.969974e-02	1.630000e-03
3	snp_3_7027459	7027459	10	-1.501650e-05	-1.238994e-01	2.230000e-03
3	snp_3_7218045	7218045	18	-2.949395e-05	-4.856162e-02	5.440000e-03
3	snp_3_17601549	17601549	9	-2.294578e-05	-5.474902e-02	1.900000e-03
3	snp_3_18022365	18022365	20	2.385541e-05	5.609839e-02	5.280000e-03
3	snp_3_18050607	18050607	10	3.287957e-05	6.274039e-02	1.539000e-02
3	snp_3_19651831	19651831	5	2.759985e-05	9.272792e-02	2.106000e-02
3	snp_3_19710812	19710812	11	1.979491e-05	6.268917e-02	3.550000e-03
3	snp_3_23366427	23366427	4	1.036042e-05	1.088928e-01	1.800000e-04
4	snp_4_6442925	6442925	9	-2.386849e-05	-8.191722e-02	1.709000e-02
4	snp_4_6513568	6513568	7	3.439251e-05	6.003518e-02	6.950000e-03
4	snp_4_7523374	7523374	19	2.538401e-05	5.446068e-02	5.240000e-03
4	snp_4_8017248	8017248	17	1.795161e-05	7.958516e-02	2.960000e-03
4	snp_4_11276081	11276081	3	2.363587e-05	8.293027e-02	6.140000e-03
4	snp_4_12703608	12703608	9	-2.980044e-05	-7.193794e-02	1.673000e-02
4	snp_4_15433739	15433739	12	-2.140540e-05	-7.965758e-02	8.060000e-03
4	snp_4_16660456	16660456	3	2.258124e-05	8.368678e-02	1.093000e-02
5	snp_5_868513	868513	10	-1.818554e-05	-1.165970e-01	5.550000e-03
5	snp_5_3174212	3174212	18	-1.741972e-05	-7.821871e-02	8.500000e-04
5	snp_5_3452750	3452750	5	2.653035e-05	9.007118e-02	9.470000e-02
5	snp_5_9208553	9208553	20	-2.260827e-05	-1.125446e-01	1.196000e-02
5	snp_5_13776159	13776159	12	-2.092048e-05	-7.367777e-02	1.640000e-03
5	snp_5_20923419	20923419	13	3.276743e-05	7.283071e-02	3.723000e-02
5	snp_5_26351397	26351397	18	3.223908e-05	6.864761e-02	6.710000e-03
5	snp_5_26473466	26473466	3	2.449623e-05	8.111666e-02	1.740000e-02
