chr	rs	ps	n_miss	alpha	beta	gamma
1	snp_1_232039	232039	10	1.019745e-04	2.511843e+00	1.280000e-03
1	snp_1_23203908	23203908	23	5.779988e-06	0.000000e+00	0.000000e+00
1	snp_1_23203912	23203912	23	1.477040e-05	6.065465e-02	5.100000e-04
1	snp_1_23203918	23203918	18	-6.268166e-06	0.000000e+00	0.000000e+00
1	snp_1_23203932	23203932	17	-8.456850e-06	0.000000e+00	0.000000e+00
1	snp_1_23203953	23203953	19	-5.240066e-05	0.000000e+00	0.000000e+00
1	snp_1_5273595	5273595	16	-1.810895e-04	-1.561833e+00	4.430000e-03
1	snp_1_17953233	17953233	22	1.435421e-04	1.559261e+00	1.050000e-03
1	snp_1_19957858	19957858	17	1.801339e-04	2.053695e+00	4.020000e-03
1	snp_1_19957913	19957913	25	1.707749e-04	1.878726e+00	3.100000e-03
1	snp_1_25453786	25453786	12	1.053380e-04	2.716708e+00	8.000000e-04
1	snp_1_25454324	25454324	3	1.133287e-04	1.916692e+00	8.800000e-04
1	snp_1_25584004	25584004	28	1.041212e-04	2.359073e+00	3.900000e-04
1	snp_1_25681787	25681787	25	1.936655e-04	1.478712e+00	9.260000e-03
1	snp_1_29293671	29293671	6	-1.626407e-04	-2.543179e+00	1.044000e-02
1	snp_1_29295489	29295489	11	-1.199120e-04	-2.768724e+00	3.030000e-03
1	snp_1_29384987	29384987	18	-1.492822e-04	-2.150783e+00	3.540000e-03
1	snp_1_29421391	29421391	10	-1.539531e-04	-2.677234e+00	5.140000e-03
1	snp_1_29422063	29422063	19	-8.399740e-05	-3.708988e+00	1.500000e-04
1	snp_1_29423024	29423024	9	-1.020800e-04	-1.135075e+00	1.890000e-03
1	snp_1_29442386	29442386	25	-8.386321e-05	-3.125511e+00	3.200000e-04
1	snp_1_29640775	29640775	15	-1.505900e-04	-1.865100e+00	5.450000e-03
1	snp_1_29640888	29640888	29	-1.469187e-04	-2.249694e+00	4.960000e-03
1	snp_1_29642068	29642068	22	-1.478610e-04	-2.456235e+00	2.340000e-03
1	snp_1_29642219	29642219	9	-1.437670e-04	-2.122695e+00	1.890000e-03
1	snp_1_30297037	30297037	14	1.757775e-04	1.325135e+00	3.910000e-03
2	snp_2_5070454	5070454	8	-1.321134e-04	-2.121541e+00	3.740000e-03
2	snp_2_12610217	12610217	18	8.273452e-05	3.970063e+00	5.200000e-04
4	snp_4_13611309	13611309	30	1.340899e-04	2.202389e+00	2.140000e-03
4	snp_4_16397393	16397393	30	8.259727e-05	2.553822e+00	6.400000e-04
4	snp_4_16434461	16434461	13	1.030829e-04	2.331415e+00	6.600000e-04
4	snp_4_16444504	16444504	11	1.001733e-04	1.972990e+00	5.400000e-04
5	snp_5_837869	837869	9	1.288042e-04	2.744555e+00	1.070000e-03
5	snp_5_837901	837901	7	1.266340e-04	1.463062e+00	2.520000e-03
5	snp_5_20373062	20373062	15	9.700213e-05	2.020532e+00	8.000000e-04
