chr	rs	ps	n_miss	alpha	beta	gamma
1	snp_1_52910	52910	4	3.107258e-06	7.880121e-02	7.800000e-04
1	snp_1_2854801	2854801	19	-3.215812e-06	-1.143881e-01	2.100000e-04
1	snp_1_6152894	6152894	6	-3.558920e-06	-6.564815e-02	9.400000e-04
1	snp_1_6155767	6155767	13	-3.817390e-06	-8.319510e-02	1.810000e-03
1	snp_1_8586686	8586686	13	5.572484e-06	6.604266e-02	4.010000e-03
1	snp_1_9033876	9033876	8	-3.232059e-06	-1.383141e-01	1.310000e-03
1	snp_1_9040813	9040813	15	-3.341759e-06	-1.640880e-01	7.960000e-03
1	snp_1_12001120	12001120	13	-3.474127e-06	-6.541778e-02	6.800000e-04
1	snp_1_18807824	18807824	13	-3.188484e-06	-1.054288e-01	2.900000e-04
1	snp_1_18896379	18896379	16	-3.325621e-06	-1.063289e-01	1.100000e-03
1	snp_1_23222601	23222601	18	3.648771e-06	8.567671e-02	1.340000e-03
1	snp_1_25487805	25487805	13	-4.023778e-06	-8.059791e-02	8.900000e-04
1	snp_1_26832191	26832191	7	-2.495713e-06	-1.298156e-01	7.400000e-04
1	snp_1_29392295	29392295	8	-3.324307e-06	-6.786302e-02	1.790000e-03
2	snp_2_2273526	2273526	16	-4.790972e-06	-9.206507e-02	1.650000e-03
2	snp_2_2273687	2273687	12	-5.220317e-06	-8.214194e-02	1.205000e-02
2	snp_2_2280268	2280268	9	-4.865329e-06	-7.963654e-02	4.230000e-03
2	snp_2_2281519	2281519	11	-4.759335e-06	-7.539210e-02	1.030000e-03
2	snp_2_2281708	2281708	6	-4.646527e-06	-6.058317e-02	1.670000e-03
2	snp_2_2969916	2969916	15	-3.309916e-06	-7.175767e-02	4.400000e-04
2	snp_2_5680129	5680129	7	-3.338205e-06	-9.711881e-02	8.600000e-04
2	snp_2_10181120	10181120	17	3.609116e-06	8.248612e-02	8.600000e-04
2	snp_2_10186344	10186344	7	3.716143e-06	7.093627e-02	8.500000e-04
2	snp_2_10188429	10188429	10	3.721366e-06	9.000820e-02	8.800000e-04
3	snp_3_655370	655370	15	-2.231725e-06	-7.118690e-02	3.200000e-04
3	snp_3_7026097	7026097	10	-2.553436e-06	-1.606004e-01	1.390000e-03
3	snp_3_7027459	7027459	10	-2.634091e-06	-1.807005e-01	2.300000e-03
3	snp_3_7431089	7431089	6	2.700831e-06	1.289796e-01	4.400000e-04
3	snp_3_9926079	9926079	8	5.126985e-06	5.856424e-02	1.860000e-03
3	snp_3_12586845	12586845	15	3.590897e-06	4.240865e-02	5.800000e-04
3	snp_3_12593017	12593017	11	3.338274e-06	8.705631e-02	1.200000e-04
3	snp_3_19604489	19604489	9	4.281257e-06	1.036983e-01	3.020000e-03
3	snp_3_19604543	19604543	13	3.521054e-06	1.506388e-01	3.040000e-03
3	snp_3_19604700	19604700	10	3.270125e-06	1.353860e-01	3.290000e-03
3	snp_3_19604878	19604878	9	3.554072e-06	1.449909e-01	4.530000e-03
3	snp_3_20474140	20474140	8	-3.909975e-06	-6.466377e-02	1.030000e-03
4	snp_4_7453224	7453224	19	-5.560052e-06	-8.222914e-02	6.420000e-03
4	snp_4_9137311	9137311	16	-3.706446e-06	-8.671663e-02	1.400000e-04
4	snp_4_12173276	12173276	16	-4.670890e-06	-7.972493e-02	9.700000e-04
5	snp_5_996382	996382	6	-4.327285e-06	-9.175242e-02	5.240000e-03
5	snp_5_1000267	1000267	9	-4.272572e-06	-1.099928e-01	3.260000e-03
5	snp_5_1053585	1053585	6	-3.712780e-06	-8.323281e-02	1.000000e-03
5	snp_5_1055415	1055415	8	-3.692935e-06	-9.851232e-02	7.500000e-04
5	snp_5_1284843	1284843	6	5.743694e-06	7.378879e-02	7.780000e-03
5	snp_5_3450444	3450444	13	5.631277e-06	7.887989e-02	9.100000e-03
5	snp_5_3450635	3450635	5	5.423911e-06	6.789671e-02	3.620000e-03
5	snp_5_17035182	17035182	8	2.577837e-06	6.313456e-02	2.000000e-04
