chr	rs	ps	n_miss	alpha	beta	gamma
1	snp_1_4631162	4631162	19	-7.244109e-06	-1.667555e-01	1.600000e-03
1	snp_1_5273595	5273595	16	-1.002434e-05	-1.534858e-01	3.120000e-03
1	snp_1_22601674	22601674	22	8.338079e-06	1.872091e-01	1.970000e-03
1	snp_1_25681787	25681787	25	1.064391e-05	1.473081e-01	7.680000e-03
1	snp_1_29293671	29293671	6	-9.071244e-06	-1.945911e-01	1.619000e-02
1	snp_1_29366066	29366066	27	-6.300470e-06	-1.686281e-01	1.180000e-03
1	snp_1_29384987	29384987	18	-8.241931e-06	-1.864289e-01	3.200000e-03
1	snp_1_29422063	29422063	19	-4.533840e-06	-2.042862e-01	6.300000e-04
1	snp_1_29423024	29423024	9	-6.079446e-06	-2.935197e-01	3.740000e-03
1	snp_1_29640888	29640888	29	-7.751818e-06	-1.874240e-01	2.990000e-03
1	snp_1_30186985	30186985	23	-7.231880e-06	-1.865137e-01	1.180000e-03
2	snp_2_5070454	5070454	8	-7.583250e-06	-2.192591e-01	4.930000e-03
2	snp_2_11674624	11674624	17	5.229891e-06	2.987016e-01	2.130000e-03
2	snp_2_11674627	11674627	17	5.264680e-06	3.268997e-01	1.440000e-03
4	snp_4_13611309	13611309	30	7.950025e-06	2.054542e-01	3.770000e-03
4	snp_4_16389523	16389523	14	6.404173e-06	1.981397e-01	1.250000e-03
4	snp_4_16394656	16394656	15	7.234539e-06	2.071149e-01	2.010000e-03
4	snp_4_16394937	16394937	10	6.908264e-06	1.544028e-01	1.230000e-03
4	snp_4_16394973	16394973	27	6.598541e-06	1.592866e-01	8.600000e-04
4	snp_4_16395549	16395549	19	7.117678e-06	1.626245e-01	1.510000e-03
4	snp_4_16397393	16397393	30	4.396208e-06	2.688576e-01	2.900000e-04
4	snp_4_16424638	16424638	9	5.754901e-06	2.551115e-01	1.220000e-03
4	snp_4_16431838	16431838	29	5.776153e-06	2.285301e-01	8.400000e-04
4	snp_4_16434461	16434461	13	5.902078e-06	2.705407e-01	1.290000e-03
4	snp_4_16444504	16444504	11	5.595632e-06	2.267130e-01	1.230000e-03
5	snp_5_837869	837869	9	7.478268e-06	2.212836e-01	3.040000e-03
5	snp_5_837901	837901	7	7.335964e-06	2.020131e-01	2.540000e-03
5	snp_5_1931166	1931166	11	1.016448e-05	1.566152e-01	4.830000e-03
5	snp_5_22550655	22550655	27	1.125563e-05	1.726990e-01	1.473000e-02
