chr	rs	ps	n_miss	alpha	beta	gamma
1	snp_1_5403376	5403376	15	5.494410e-06	1.288514e-02	4.630000e-03
1	snp_1_24698145	24698145	14	2.924965e-06	2.977854e-02	4.820000e-03
1	snp_1_26901573	26901573	4	3.144696e-06	1.997863e-02	1.370000e-03
1	snp_1_27424826	27424826	8	3.473443e-06	2.100249e-02	3.500000e-04
1	snp_1_28278667	28278667	11	-3.079146e-06	-1.400619e-02	1.910000e-03
1	snp_1_10853554	10853554	12	3.611252e-06	1.509663e-02	1.700000e-03
1	snp_1_13470184	13470184	8	-4.120216e-06	-1.531499e-02	4.230000e-03
1	snp_1_18035850	18035850	18	1.935658e-06	2.642555e-02	8.000000e-04
1	snp_1_22702403	22702403	20	4.839232e-06	1.872807e-02	7.420000e-03
1	snp_1_23194570	23194570	14	-5.301628e-06	-1.357161e-02	2.990000e-03
1	snp_1_23815108	23815108	7	3.858447e-06	1.916122e-02	5.120000e-03
1	snp_1_23872093	23872093	15	3.026742e-06	2.658860e-02	6.260000e-03
1	snp_1_24668317	24668317	19	3.341251e-06	2.781173e-02	8.300000e-03
2	snp_2_5390673	5390673	14	5.634313e-06	1.145533e-02	1.080000e-03
2	snp_2_17160802	17160802	14	5.943911e-06	1.472476e-02	1.117000e-02
2	snp_2_18173132	18173132	8	-5.322939e-06	-1.273117e-02	3.890000e-03
2	snp_2_6360194	6360194	11	-4.916759e-06	-1.459257e-02	2.410000e-03
2	snp_2_8360445	8360445	10	3.199418e-06	2.365073e-02	2.780000e-03
2	snp_2_8520753	8520753	8	3.060376e-06	2.088034e-02	7.900000e-04
2	snp_2_11203918	11203918	10	5.377612e-06	1.385499e-02	5.730000e-03
2	snp_2_11678443	11678443	20	3.919900e-06	2.817377e-02	3.107000e-02
2	snp_2_13012758	13012758	16	4.205249e-06	1.529574e-02	4.950000e-03
2	snp_2_15185910	15185910	9	-3.033828e-06	-2.021320e-02	9.700000e-04
2	snp_2_16420776	16420776	13	4.384269e-06	1.307228e-02	1.610000e-03
3	snp_3_4088655	4088655	18	-2.710647e-06	-2.568000e-02	2.060000e-03
3	snp_3_5383184	5383184	14	2.338121e-06	2.713547e-02	7.700000e-04
3	snp_3_7007472	7007472	17	3.327142e-06	1.677399e-02	1.390000e-03
3	snp_3_9928103	9928103	5	2.854755e-06	2.054806e-02	4.000000e-04
3	snp_3_17794958	17794958	12	-2.839897e-06	-2.088781e-02	5.800000e-04
3	snp_3_17980362	17980362	16	3.715850e-06	1.356280e-02	2.270000e-03
3	snp_3_18842790	18842790	10	4.144223e-06	1.625541e-02	1.880000e-03
3	snp_3_19282322	19282322	15	2.715799e-06	1.955607e-02	3.820000e-03
3	snp_3_19358079	19358079	13	3.748507e-06	1.651896e-02	8.300000e-04
4	snp_4_2683832	2683832	8	4.034618e-06	1.600421e-02	9.460000e-03
4	snp_4_2720142	2720142	10	2.781607e-06	2.569370e-02	9.500000e-04
4	snp_4_6755397	6755397	10	3.263108e-06	2.506412e-02	5.040000e-03
4	snp_4_7891586	7891586	17	5.404599e-06	1.156737e-02	2.460000e-03
4	snp_4_8697010	8697010	12	2.604890e-06	2.426634e-02	1.090000e-03
4	snp_4_8826941	8826941	12	-6.261500e-06	-1.454879e-02	2.874000e-02
4	snp_4_9471941	9471941	10	4.887538e-06	1.569312e-02	1.740000e-03
4	snp_4_15634372	15634372	7	2.411163e-06	3.292299e-02	3.620000e-03
4	snp_4_16347675	16347675	7	3.553120e-06	1.927509e-02	2.210000e-03
5	snp_5_5419869	5419869	20	4.300466e-06	1.356590e-02	2.370000e-03
5	snp_5_18036846	18036846	17	4.337132e-06	2.668459e-02	4.843000e-02
5	snp_5_18152788	18152788	16	-3.174964e-06	-1.867792e-02	1.760000e-03
5	snp_5_18448206	18448206	17	3.779298e-06	2.985865e-02	5.285000e-02
5	snp_5_19601839	19601839	10	5.138666e-06	1.149838e-02	4.080000e-03
5	snp_5_24053282	24053282	9	-4.362237e-06	-1.609297e-02	1.820000e-03
5	snp_5_24172892	24172892	9	3.323488e-06	2.105679e-02	2.090000e-03
5	snp_5_6830011	6830011	10	-1.714024e-06	-3.536555e-02	1.930000e-03
5	snp_5_8888782	8888782	19	4.575624e-06	1.489615e-02	3.190000e-03
5	snp_5_13594203	13594203	8	3.905020e-06	1.748386e-02	2.720000e-03
5	snp_5_14317338	14317338	11	-4.446407e-06	-1.718720e-02	4.090000e-03
5	snp_5_15266479	15266479	19	5.338188e-06	1.144527e-02	1.240000e-03
5	snp_5_16568739	16568739	14	-3.903083e-06	-1.588384e-02	1.700000e-03
5	snp_5_17878398	17878398	11	-3.505101e-06	-2.574677e-02	4.150000e-03
5	snp_5_17948828	17948828	1	2.673859e-06	1.987266e-02	1.170000e-03
