chr	rs	ps	n_miss	alpha	beta	gamma
1	snp_1_2201859	2201859	14	6.076113e-04	7.423328e+00	1.700000e-04
1	snp_1_20532957	20532957	13	8.619159e-04	3.423214e+00	5.310000e-03
1	snp_1_23961783	23961783	12	9.047694e-04	3.588732e+00	3.600000e-03
1	snp_1_24263553	24263553	18	1.180005e-03	3.382664e+00	9.490000e-03
1	snp_1_24339560	24339560	18	-1.849534e-03	-2.536050e+00	1.775000e-02
1	snp_1_25395186	25395186	17	1.574100e-03	2.387259e+00	1.840000e-02
1	snp_1_2555893	2555893	18	1.074918e-03	3.458538e+00	3.689000e-02
1	snp_1_3813099	3813099	25	1.516487e-03	2.213671e+00	6.600000e-03
1	snp_1_3840440	3840440	8	1.376116e-03	2.750677e+00	5.970000e-03
1	snp_1_8019937	8019937	8	-1.452932e-03	-2.506161e+00	4.179000e-02
1	snp_1_9414796	9414796	24	1.614866e-03	2.597110e+00	6.448000e-02
1	snp_1_11693658	11693658	11	-9.302517e-04	-4.107781e+00	5.690000e-03
1	snp_1_17305348	17305348	6	1.010195e-03	3.867744e+00	1.114000e-02
1	snp_1_19004201	19004201	19	1.459225e-03	3.024929e+00	7.600000e-04
2	snp_2_11502973	11502973	21	-7.550303e-04	0.000000e+00	0.000000e+00
2	snp_2_14425805	14425805	11	-1.890714e-03	-2.525438e+00	7.660000e-02
2	snp_2_18590604	18590604	21	-1.100147e-03	-3.010053e+00	2.552000e-02
3	snp_3_1835907	1835907	11	-1.427538e-03	-2.813184e+00	4.280000e-03
3	snp_3_8446979	8446979	7	1.156468e-03	3.862955e+00	1.123000e-02
3	snp_3_11590796	11590796	7	7.649971e-04	4.673511e+00	2.810000e-03
3	snp_3_18655175	18655175	21	1.438078e-03	3.628952e+00	9.002000e-02
4	snp_4_179501	179501	10	8.917489e-04	4.493753e+00	1.394000e-02
4	snp_4_6813645	6813645	16	1.806165e-03	2.306722e+00	1.885000e-02
4	snp_4_8793082	8793082	10	-9.590326e-04	-4.355189e+00	5.780000e-03
4	snp_4_10934200	10934200	8	-1.412167e-03	-2.781922e+00	1.409000e-02
4	snp_4_13074452	13074452	14	1.505007e-03	2.852746e+00	1.212000e-02
4	snp_4_259126	259126	9	1.214841e-03	3.557621e+00	6.600000e-03
4	snp_4_2591260	2591260	24	4.644008e-04	0.000000e+00	0.000000e+00
4	snp_4_484692	484692	10	6.103417e-04	6.409037e+00	1.950000e-03
4	snp_4_738704	738704	22	6.573930e-04	7.827791e+00	1.304000e-02
4	snp_4_771881	771881	8	7.080164e-04	4.770289e+00	2.500000e-03
4	snp_4_931723	931723	7	7.735309e-04	5.984662e+00	2.130000e-03
4	snp_4_1421217	1421217	19	1.244481e-03	2.842898e+00	6.580000e-03
4	snp_4_1520595	1520595	23	1.192926e-03	3.629512e+00	2.089000e-02
4	snp_4_6088803	6088803	9	1.199927e-03	4.203247e+00	4.069000e-02
5	snp_5_1512856	1512856	5	5.180248e-04	5.773739e+00	2.100000e-04
5	snp_5_7650817	7650817	13	-1.590001e-03	-2.594374e+00	1.462000e-02
5	snp_5_9781171	9781171	5	1.126439e-03	4.187588e+00	1.488000e-02
5	snp_5_18590247	18590247	12	1.072735e-03	4.251593e+00	3.253800e-01
5	snp_5_1786596	1786596	10	7.195689e-04	4.659255e+00	2.680000e-03
5	snp_5_2215382	2215382	25	9.590424e-04	3.700888e+00	5.200000e-03
5	snp_5_3173596	3173596	25	1.252267e-03	2.607757e+00	1.056000e-02
5	snp_5_3434612	3434612	15	1.832853e-03	2.287518e+00	2.742000e-02
5	snp_5_4175493	4175493	12	1.445723e-03	3.124757e+00	5.108000e-02
5	snp_5_5637230	5637230	23	1.744984e-03	2.385646e+00	4.708000e-02
5	snp_5_6126250	6126250	17	9.234774e-04	3.709670e+00	7.350000e-03
5	snp_5_7607014	7607014	24	1.202573e-03	3.014482e+00	1.292000e-02
