chr	rs	ps	n_miss	alpha	beta	gamma
1	snp_1_5060054	5060054	16	4.138275e-05	1.323363e-01	8.000000e-03
1	snp_1_21973001	21973001	18	3.998020e-05	1.254653e-01	4.060000e-03
1	snp_1_22254972	22254972	9	5.393770e-05	1.046115e-01	1.010000e-02
1	snp_1_24059214	24059214	10	5.991001e-05	9.153386e-02	2.137000e-02
1	snp_1_24598942	24598942	5	-2.409765e-05	-1.251097e-01	3.130000e-03
1	snp_1_25766155	25766155	15	-5.089649e-05	-1.074218e-01	6.720000e-03
1	snp_1_28960616	28960616	6	5.967372e-05	1.320098e-01	5.897000e-02
1	snp_1_6943971	6943971	13	-4.178919e-05	-1.326341e-01	2.030000e-03
1	snp_1_9931159	9931159	13	4.861360e-05	1.234989e-01	2.888000e-02
1	snp_1_10937139	10937139	19	1.656511e-05	2.856724e-01	7.700000e-04
1	snp_1_11969574	11969574	11	5.558732e-05	1.043913e-01	9.260000e-03
1	snp_1_13065932	13065932	6	3.988816e-05	1.518329e-01	9.410000e-03
1	snp_1_14015798	14015798	8	2.759363e-05	1.961681e-01	1.104000e-02
1	snp_1_14048865	14048865	9	2.340027e-05	1.942956e-01	1.960000e-03
1	snp_1_21664313	21664313	14	5.938192e-05	9.562618e-02	1.612000e-02
2	snp_2_1320534	1320534	19	2.409308e-05	1.130591e-01	1.600000e-03
2	snp_2_1707166	1707166	7	3.173256e-05	2.088198e-01	1.473000e-02
2	snp_2_1837418	1837418	11	3.910120e-05	1.146637e-01	3.150000e-03
2	snp_2_1867477	1867477	17	2.303070e-05	3.065914e-01	4.990000e-03
2	snp_2_2431343	2431343	5	2.058374e-05	3.118338e-01	4.710000e-03
2	snp_2_13263234	13263234	16	3.035771e-05	1.239841e-01	2.570000e-03
2	snp_2_17481476	17481476	14	-4.560544e-05	-9.244549e-02	6.570000e-03
2	snp_2_18573199	18573199	3	-2.583878e-05	-2.039069e-01	9.900000e-04
3	snp_3_10178857	10178857	20	2.864414e-05	1.091937e-01	3.190000e-03
3	snp_3_18812433	18812433	10	-2.780424e-05	-1.376704e-01	4.240000e-03
3	snp_3_19453460	19453460	15	3.732062e-05	1.374551e-01	3.080000e-03
3	snp_3_23367241	23367241	11	2.109070e-05	3.543664e-01	5.180000e-03
4	snp_4_8017248	8017248	17	3.184871e-05	1.980322e-01	6.990000e-03
4	snp_4_8705297	8705297	10	3.380752e-05	1.720383e-01	7.340000e-03
4	snp_4_10830850	10830850	6	2.295955e-05	1.439636e-01	5.600000e-04
4	snp_4_15536574	15536574	6	1.736377e-05	2.733675e-01	9.300000e-04
4	snp_4_15595006	15595006	15	1.763807e-05	3.161764e-01	2.390000e-03
4	snp_4_15627234	15627234	6	2.235805e-05	3.315351e-01	1.453000e-02
5	snp_5_345336	345336	8	-4.939816e-05	-1.249960e-01	1.528000e-02
5	snp_5_868513	868513	10	-2.740146e-05	-2.153109e-01	8.740000e-03
5	snp_5_3452750	3452750	5	5.539120e-05	1.179216e-01	5.194000e-02
5	snp_5_9914807	9914807	14	3.972034e-05	1.224516e-01	2.980000e-03
5	snp_5_18222186	18222186	14	2.301560e-05	1.728237e-01	6.800000e-04
5	snp_5_26473466	26473466	3	3.855029e-05	1.477395e-01	7.590000e-03
