chr	rs	ps	n_miss	alpha	beta	gamma
1	snp_1_231984	231984	15	8.593411e-05	2.088867e+00	7.100000e-04
1	snp_1_232039	232039	10	1.019745e-04	2.511843e+00	1.280000e-03
1	snp_1_23203908	23203908	23	5.779988e-06	0.000000e+00	0.000000e+00
1	snp_1_23203912	23203912	23	1.477040e-05	6.065465e-02	5.100000e-04
1	snp_1_23203918	23203918	18	-6.268166e-06	0.000000e+00	0.000000e+00
1	snp_1_23203932	23203932	17	-8.456850e-06	0.000000e+00	0.000000e+00
1	snp_1_23203953	23203953	19	-5.240066e-05	0.000000e+00	0.000000e+00
1	snp_1_5273595	5273595	16	-1.810895e-04	-1.561833e+00	4.430000e-03
1	snp_1_9221773	9221773	28	1.228190e-04	1.198972e+00	2.180000e-03
1	snp_1_17953233	17953233	22	1.435421e-04	1.559261e+00	1.050000e-03
1	snp_1_19957858	19957858	17	1.801339e-04	2.053695e+00	4.020000e-03
1	snp_1_19957913	19957913	25	1.707749e-04	1.878726e+00	3.100000e-03
1	snp_1_22601674	22601674	22	1.470705e-04	1.999104e+00	8.500000e-04
1	snp_1_25453786	25453786	12	1.053380e-04	2.716708e+00	8.000000e-04
1	snp_1_25454324	25454324	3	1.133287e-04	1.916692e+00	8.800000e-04
1	snp_1_25570907	25570907	31	1.104959e-04	1.297251e+00	8.400000e-04
1	snp_1_25570965	25570965	24	1.137646e-04	1.165287e+00	9.400000e-04
1	snp_1_25584004	25584004	28	1.041212e-04	2.359073e+00	3.900000e-04
1	snp_1_25592714	25592714	10	1.100222e-04	2.496276e+00	2.900000e-04
1	snp_1_25681787	25681787	25	1.936655e-04	1.478712e+00	9.260000e-03
1	snp_1_27866170	27866170	15	7.764588e-05	3.856675e+00	3.000000e-05
1	snp_1_29293671	29293671	6	-1.626407e-04	-2.543179e+00	1.044000e-02
1	snp_1_29295489	29295489	11	-1.199120e-04	-2.768724e+00	3.030000e-03
1	snp_1_29331528	29331528	24	-7.938341e-05	-2.537537e+00	6.600000e-04
1	snp_1_29336627	29336627	22	-8.048799e-05	-2.925236e+00	4.000000e-04
1	snp_1_29360441	29360441	30	-8.198962e-05	-2.625466e+00	2.500000e-04
1	snp_1_29365236	29365236	21	-7.917943e-05	-1.329732e+00	1.020000e-03
1	snp_1_29371152	29371152	23	-8.043511e-05	-3.228244e+00	3.900000e-04
1	snp_1_29384987	29384987	18	-1.492822e-04	-2.150783e+00	3.540000e-03
1	snp_1_29385076	29385076	31	-8.051894e-05	-9.962929e-01	8.800000e-04
1	snp_1_29397972	29397972	28	-7.686339e-05	-1.620991e+00	2.400000e-04
1	snp_1_29404602	29404602	29	-8.846187e-05	-2.509267e+00	1.300000e-04
1	snp_1_29421391	29421391	10	-1.539531e-04	-2.677234e+00	5.140000e-03
1	snp_1_29422063	29422063	19	-8.399740e-05	-3.708988e+00	1.500000e-04
1	snp_1_29423024	29423024	9	-1.020800e-04	-1.135075e+00	1.890000e-03
1	snp_1_29438038	29438038	9	-8.126177e-05	-1.583868e+00	1.000000e-04
1	snp_1_29441624	29441624	16	-8.331971e-05	-3.158604e+00	2.800000e-04
1	snp_1_29442386	29442386	25	-8.386321e-05	-3.125511e+00	3.200000e-04
1	snp_1_29443495	29443495	20	-8.321695e-05	-1.092101e+00	7.700000e-04
1	snp_1_29558943	29558943	10	-9.424383e-05	-3.034880e+00	1.700000e-04
1	snp_1_29559318	29559318	4	-9.211789e-05	-2.334678e+00	4.000000e-04
1	snp_1_29640775	29640775	15	-1.505900e-04	-1.865100e+00	5.450000e-03
1	snp_1_29640888	29640888	29	-1.469187e-04	-2.249694e+00	4.960000e-03
1	snp_1_29642068	29642068	22	-1.478610e-04	-2.456235e+00	2.340000e-03
1	snp_1_29642219	29642219	9	-1.437670e-04	-2.122695e+00	1.890000e-03
1	snp_1_30186985	30186985	23	-1.273817e-04	-1.651919e+00	7.900000e-04
1	snp_1_30297037	30297037	14	1.757775e-04	1.325135e+00	3.910000e-03
1	snp_1_30305895	30305895	7	1.571713e-04	1.735985e+00	2.300000e-03
1	snp_1_30328791	30328791	29	1.591632e-04	1.850345e+00	7.200000e-04
2	snp_2_5070454	5070454	8	-1.321134e-04	-2.121541e+00	3.740000e-03
2	snp_2_7386778	7386778	18	1.423025e-04	2.157994e+00	1.060000e-03
2	snp_2_7591171	7591171	21	9.370470e-05	3.059401e+00	6.500000e-04
2	snp_2_9877226	9877226	31	1.199561e-04	1.830815e+00	1.680000e-03
2	snp_2_12481857	12481857	12	9.794293e-05	3.252545e+00	2.600000e-04
2	snp_2_12610217	12610217	18	8.273452e-05	3.970063e+00	5.200000e-04
2	snp_2_18807203	18807203	20	-1.241810e-04	-1.307197e+00	1.550000e-03
3	snp_3_22939972	22939972	20	-1.654788e-04	-1.575244e+00	2.100000e-03
4	snp_4_6924771	6924771	25	-1.800293e-04	-1.298588e+00	2.170000e-03
4	snp_4_9887870	9887870	26	8.862948e-05	2.840414e+00	5.100000e-04
4	snp_4_13611309	13611309	30	1.340899e-04	2.202389e+00	2.140000e-03
4	snp_4_16394656	16394656	15	1.262000e-04	2.421804e+00	1.130000e-03
4	snp_4_16397393	16397393	30	8.259727e-05	2.553822e+00	6.400000e-04
4	snp_4_16424638	16424638	9	9.775625e-05	3.040072e+00	3.100000e-04
4	snp_4_16434461	16434461	13	1.030829e-04	2.331415e+00	6.600000e-04
4	snp_4_16444504	16444504	11	1.001733e-04	1.972990e+00	5.400000e-04
5	snp_5_837869	837869	9	1.288042e-04	2.744555e+00	1.070000e-03
5	snp_5_837901	837901	7	1.266340e-04	1.463062e+00	2.520000e-03
5	snp_5_847003	847003	20	1.684767e-04	1.909132e+00	5.800000e-04
5	snp_5_18054670	18054670	20	7.799776e-05	1.690959e+00	5.100000e-04
5	snp_5_20373062	20373062	15	9.700213e-05	2.020532e+00	8.000000e-04
