chr	rs	ps	n_miss	alpha	beta	gamma
1	snp_1_4223873	4223873	9	-3.150166e-05	-7.245732e-02	1.251000e-02
1	snp_1_17444818	17444818	13	-3.026070e-05	-6.468390e-02	4.190000e-03
1	snp_1_21664313	21664313	14	3.557741e-05	6.336342e-02	2.108000e-02
1	snp_1_24059214	24059214	10	3.562980e-05	6.066363e-02	1.614000e-02
1	snp_1_25766155	25766155	15	-3.209026e-05	-8.236551e-02	8.139000e-02
1	snp_1_25766483	25766483	13	-3.007860e-05	-7.336639e-02	2.792000e-02
1	snp_1_25766859	25766859	15	-2.937399e-05	-8.099865e-02	5.078000e-02
1	snp_1_25766860	25766860	17	-2.892844e-05	-7.534856e-02	7.670000e-03
2	snp_2_1867702	1867702	12	1.374272e-05	1.180716e-01	8.800000e-04
2	snp_2_11501109	11501109	7	-2.866157e-05	-9.061985e-02	4.995000e-02
2	snp_2_13656781	13656781	14	-3.063474e-05	-7.658705e-02	1.800000e-02
2	snp_2_14483753	14483753	14	-3.189079e-05	-6.948331e-02	1.739000e-02
2	snp_2_17495919	17495919	20	2.038778e-05	8.508935e-02	7.630000e-03
2	snp_2_17552653	17552653	20	3.153079e-05	6.579784e-02	1.592000e-02
3	snp_3_7027459	7027459	10	-1.501650e-05	-1.238994e-01	2.230000e-03
3	snp_3_7028749	7028749	20	-2.496093e-05	-7.706651e-02	1.543000e-02
3	snp_3_19651636	19651636	6	2.697845e-05	7.263110e-02	1.150000e-02
3	snp_3_19651831	19651831	5	2.759985e-05	9.272792e-02	2.106000e-02
4	snp_4_6442925	6442925	9	-2.386849e-05	-8.191722e-02	1.709000e-02
4	snp_4_6513568	6513568	7	3.439251e-05	6.003518e-02	6.950000e-03
4	snp_4_11276081	11276081	3	2.363587e-05	8.293027e-02	6.140000e-03
4	snp_4_12703608	12703608	9	-2.980044e-05	-7.193794e-02	1.673000e-02
5	snp_5_868513	868513	10	-1.818554e-05	-1.165970e-01	5.550000e-03
5	snp_5_3448824	3448824	11	-2.547711e-05	-6.192748e-02	8.990000e-03
5	snp_5_3448880	3448880	9	2.126229e-05	7.757017e-02	4.380000e-02
5	snp_5_3449958	3449958	8	-2.642543e-05	-8.335969e-02	4.760000e-03
5	snp_5_3450444	3450444	13	2.502669e-05	9.509365e-02	1.435200e-01
5	snp_5_3450635	3450635	5	2.472146e-05	8.205459e-02	8.865000e-02
5	snp_5_3450692	3450692	12	2.414514e-05	9.005882e-02	3.209000e-02
5	snp_5_3451107	3451107	6	-2.460460e-05	-5.958016e-02	1.525000e-02
5	snp_5_3451120	3451120	14	-2.289129e-05	-7.796106e-02	6.650000e-03
5	snp_5_3451333	3451333	5	2.424086e-05	8.942735e-02	1.562500e-01
5	snp_5_3451823	3451823	17	2.165869e-05	8.583050e-02	2.469000e-02
5	snp_5_3452750	3452750	5	2.653035e-05	9.007118e-02	9.470000e-02
5	snp_5_3453040	3453040	7	2.358264e-05	7.753254e-02	3.039000e-02
5	snp_5_9208553	9208553	20	-2.260827e-05	-1.125446e-01	1.196000e-02
5	snp_5_9208780	9208780	11	-2.180328e-05	-7.799587e-02	1.019000e-02
5	snp_5_13101410	13101410	18	2.073276e-05	9.419861e-02	1.435000e-02
5	snp_5_20923419	20923419	13	3.276743e-05	7.283071e-02	3.723000e-02
5	snp_5_26351397	26351397	18	3.223908e-05	6.864761e-02	6.710000e-03
5	snp_5_26473466	26473466	3	2.449623e-05	8.111666e-02	1.740000e-02
