chr	rs	ps	n_miss	alpha	beta	gamma
1	snp_1_85897	85897	16	9.702533e-06	5.091287e-02	3.120000e-03
1	snp_1_858977	858977	5	-3.415299e-06	-8.706634e-03	6.900000e-04
1	snp_1_14007403	14007403	3	7.200710e-06	2.856075e-02	1.390000e-03
1	snp_1_16659438	16659438	11	-9.480451e-06	-2.878268e-02	4.460000e-03
1	snp_1_18844475	18844475	7	4.661162e-06	6.224612e-02	2.700000e-04
1	snp_1_18931610	18931610	8	5.021155e-06	6.676714e-02	2.000000e-04
1	snp_1_19088919	19088919	19	-1.598033e-05	-3.107225e-02	8.040000e-03
1	snp_1_19208726	19208726	8	9.271453e-06	5.785478e-02	7.190000e-03
1	snp_1_24956932	24956932	11	-9.392028e-06	-6.066164e-02	8.660000e-03
1	snp_1_26534647	26534647	14	-9.625012e-06	-3.861148e-02	2.890000e-03
1	snp_1_28906692	28906692	11	8.294087e-06	4.922146e-02	7.810000e-03
1	snp_1_30002341	30002341	7	1.214870e-05	2.581130e-02	2.410000e-03
1	snp_1_483006	483006	9	7.328398e-06	3.501721e-02	2.390000e-03
1	snp_1_2269817	2269817	6	1.184759e-05	3.693540e-02	9.030000e-03
1	snp_1_2380139	2380139	7	1.188568e-05	2.959200e-02	2.450000e-03
1	snp_1_2380139	2380139	7	1.188568e-05	2.959200e-02	2.450000e-03
1	snp_1_2429155	2429155	11	6.624770e-06	4.881999e-02	7.400000e-04
1	snp_1_5281263	5281263	9	1.191474e-05	4.037810e-02	5.920000e-03
1	snp_1_10061491	10061491	8	9.750482e-06	3.870039e-02	4.140000e-03
1	snp_1_12266457	12266457	6	7.120454e-06	5.136277e-02	7.000000e-04
1	snp_1_12698954	12698954	19	-1.055729e-05	-5.017001e-02	1.380000e-02
2	snp_2_135797	135797	2	1.073299e-05	5.244070e-02	9.040000e-03
2	snp_2_13579771	13579771	11	-4.020124e-06	0.000000e+00	0.000000e+00
2	snp_2_7047157	7047157	9	-7.875457e-06	-4.976884e-02	5.200000e-04
2	snp_2_7577464	7577464	20	9.131388e-06	4.255839e-02	4.900000e-04
2	snp_2_7738911	7738911	6	1.303233e-05	2.926919e-02	6.200000e-04
2	snp_2_9074174	9074174	15	8.718822e-06	6.219001e-02	1.652000e-02
2	snp_2_9684609	9684609	19	8.430691e-06	4.770413e-02	1.750000e-03
2	snp_2_13656781	13656781	14	-1.326753e-05	-3.446417e-02	2.780000e-03
3	snp_3_572390	572390	9	6.058661e-06	7.318129e-02	7.000000e-04
3	snp_3_593437	593437	12	7.272508e-06	3.816796e-02	1.850000e-03
3	snp_3_865559	865559	7	8.558762e-06	5.787215e-02	8.200000e-04
3	snp_3_2566348	2566348	14	1.231974e-05	3.371679e-02	7.910000e-03
3	snp_3_2586987	2586987	12	-1.504196e-05	-2.202202e-02	4.080000e-03
3	snp_3_19651831	19651831	5	1.258117e-05	3.897009e-02	4.490000e-03
3	snp_3_20005250	20005250	17	-5.989790e-06	-6.894936e-02	3.300000e-04
4	snp_4_1601862	1601862	18	9.907995e-06	7.524302e-02	1.630400e-01
4	snp_4_12434510	12434510	3	7.487297e-06	7.129066e-02	2.520000e-03
4	snp_4_14454821	14454821	19	-1.429094e-05	-2.808126e-02	4.790000e-03
4	snp_4_15595006	15595006	15	4.473499e-06	7.423132e-02	2.400000e-04
4	snp_4_15627234	15627234	6	6.263672e-06	9.156552e-02	3.970000e-03
4	snp_4_2194538	2194538	11	8.562817e-06	4.046165e-02	2.910000e-03
4	snp_4_2728605	2728605	11	6.888964e-06	4.805421e-02	2.320000e-03
4	snp_4_6162846	6162846	18	1.193245e-05	3.754658e-02	2.490000e-03
4	snp_4_7168848	7168848	15	1.749111e-05	3.317545e-02	4.447000e-02
4	snp_4_9122466	9122466	7	-1.248070e-05	-2.766987e-02	4.410000e-03
4	snp_4_10207154	10207154	14	9.712364e-06	6.086769e-02	7.970000e-03
4	snp_4_11553237	11553237	15	1.500859e-05	2.934316e-02	1.378000e-02
4	snp_4_12078725	12078725	19	9.716022e-06	3.323276e-02	3.280000e-03
5	snp_5_6737965	6737965	7	8.242264e-06	4.522147e-02	1.360000e-03
5	snp_5_18677171	18677171	12	9.177037e-06	6.205333e-02	5.850000e-03
5	snp_5_22606526	22606526	11	-9.556309e-06	-3.751325e-02	1.660000e-03
5	snp_5_23906619	23906619	9	1.290866e-05	3.902336e-02	7.020000e-03
5	snp_5_24286074	24286074	10	-1.405499e-05	-3.029771e-02	7.410000e-03
5	snp_5_25068796	25068796	15	-1.299300e-05	-4.199638e-02	1.792000e-02
5	snp_5_25338064	25338064	19	8.008041e-06	3.306418e-02	1.970000e-03
