chr	rs	ps	n_miss	alpha	beta	gamma
1	snp_1_1977822	1977822	7	-8.399098e-06	-4.931478e-02	1.520000e-03
1	snp_1_6943971	6943971	13	-1.124901e-05	-4.733286e-02	1.519000e-02
1	snp_1_13987607	13987607	20	6.291594e-06	7.564552e-02	2.460000e-03
1	snp_1_13991932	13991932	11	1.071541e-05	5.499348e-02	2.508000e-02
1	snp_1_14007403	14007403	3	6.546719e-06	6.474910e-02	3.370000e-03
1	snp_1_14008570	14008570	9	7.299221e-06	6.213935e-02	2.440000e-03
1	snp_1_14008939	14008939	12	6.800925e-06	5.329139e-02	2.840000e-03
1	snp_1_14010553	14010553	9	6.883079e-06	5.970547e-02	2.180000e-03
1	snp_1_14015798	14015798	8	6.834782e-06	6.597101e-02	7.020000e-03
1	snp_1_14016614	14016614	5	7.345625e-06	6.292371e-02	2.750000e-03
1	snp_1_24059214	24059214	10	1.534171e-05	3.763466e-02	3.377000e-02
1	snp_1_28957503	28957503	10	-8.290082e-06	-4.325514e-02	4.750000e-03
1	snp_1_28960616	28960616	6	1.045456e-05	4.957718e-02	5.065600e-01
3	snp_3_1005999	1005999	18	-1.308483e-05	-3.502077e-02	3.320000e-03
3	snp_3_19614644	19614644	8	6.385183e-06	6.903258e-02	9.200000e-04
3	snp_3_23360422	23360422	7	4.837972e-06	7.557909e-02	1.200000e-03
3	snp_3_23366427	23366427	4	4.624389e-06	9.365690e-02	2.430000e-03
3	snp_3_23367241	23367241	11	4.895420e-06	9.403499e-02	6.800000e-04
4	snp_4_8017167	8017167	7	9.041235e-06	4.150590e-02	3.590000e-03
4	snp_4_8017248	8017248	17	8.415167e-06	7.398322e-02	1.370000e-02
4	snp_4_14799256	14799256	14	1.069951e-05	3.925447e-02	9.700000e-04
4	snp_4_14823304	14823304	7	-1.241848e-05	-3.632624e-02	4.530000e-03
4	snp_4_15595006	15595006	15	4.093647e-06	9.891983e-02	8.000000e-04
4	snp_4_15627234	15627234	6	5.029922e-06	9.101572e-02	1.540000e-03
4	snp_4_15634372	15634372	7	5.451698e-06	7.410154e-02	1.170000e-03
5	snp_5_345336	345336	8	-1.276518e-05	-4.165276e-02	2.955000e-02
5	snp_5_868513	868513	10	-7.319697e-06	-6.868891e-02	6.210000e-03
5	snp_5_870273	870273	5	-7.766138e-06	-6.874097e-02	9.040000e-03
5	snp_5_891939	891939	5	-8.169687e-06	-5.683594e-02	4.150000e-03
5	snp_5_902424	902424	11	-6.730652e-06	-5.669074e-02	1.370000e-03
5	snp_5_26473466	26473466	3	1.024161e-05	5.115699e-02	1.200000e-02
