chr	rs	ps	n_miss	alpha	beta	gamma
1	snp_1_52910	52910	4	3.107258e-06	7.880121e-02	7.800000e-04
1	snp_1_8586686	8586686	13	5.572484e-06	6.604266e-02	4.010000e-03
1	snp_1_9033876	9033876	8	-3.232059e-06	-1.383141e-01	1.310000e-03
1	snp_1_9040813	9040813	15	-3.341759e-06	-1.640880e-01	7.960000e-03
1	snp_1_25487805	25487805	13	-4.023778e-06	-8.059791e-02	8.900000e-04
1	snp_1_26832191	26832191	7	-2.495713e-06	-1.298156e-01	7.400000e-04
2	snp_2_2273526	2273526	16	-4.790972e-06	-9.206507e-02	1.650000e-03
2	snp_2_2273687	2273687	12	-5.220317e-06	-8.214194e-02	1.205000e-02
2	snp_2_2280268	2280268	9	-4.865329e-06	-7.963654e-02	4.230000e-03
3	snp_3_7026097	7026097	10	-2.553436e-06	-1.606004e-01	1.390000e-03
3	snp_3_7027459	7027459	10	-2.634091e-06	-1.807005e-01	2.300000e-03
3	snp_3_7431089	7431089	6	2.700831e-06	1.289796e-01	4.400000e-04
3	snp_3_19604489	19604489	9	4.281257e-06	1.036983e-01	3.020000e-03
3	snp_3_19604543	19604543	13	3.521054e-06	1.506388e-01	3.040000e-03
3	snp_3_19604700	19604700	10	3.270125e-06	1.353860e-01	3.290000e-03
3	snp_3_19604878	19604878	9	3.554072e-06	1.449909e-01	4.530000e-03
4	snp_4_7453224	7453224	19	-5.560052e-06	-8.222914e-02	6.420000e-03
5	snp_5_996382	996382	6	-4.327285e-06	-9.175242e-02	5.240000e-03
5	snp_5_1000267	1000267	9	-4.272572e-06	-1.099928e-01	3.260000e-03
5	snp_5_1055415	1055415	8	-3.692935e-06	-9.851232e-02	7.500000e-04
5	snp_5_1284843	1284843	6	5.743694e-06	7.378879e-02	7.780000e-03
5	snp_5_3450444	3450444	13	5.631277e-06	7.887989e-02	9.100000e-03
