chr	rs	ps	n_miss	alpha	beta	gamma
1	snp_1_232121	232121	15	1.888639e-05	5.048995e-01	1.190000e-03
1	snp_1_19957913	19957913	25	3.721098e-05	3.651624e-01	7.350000e-03
1	snp_1_22530149	22530149	5	-3.430656e-05	-3.189440e-01	1.790000e-03
1	snp_1_25490769	25490769	12	1.396298e-05	9.385052e-01	2.900000e-04
1	snp_1_25579824	25579824	7	2.206568e-05	5.294436e-01	1.980000e-03
1	snp_1_26949032	26949032	29	-2.355485e-05	0.000000e+00	0.000000e+00
1	snp_1_27108366	27108366	18	-3.311735e-05	-3.719525e-01	3.220000e-03
1	snp_1_28919140	28919140	26	2.432905e-05	3.234174e-01	8.000000e-04
1	snp_1_29293671	29293671	6	-3.372511e-05	-4.571848e-01	1.206000e-02
1	snp_1_29360269	29360269	25	-2.545088e-05	-4.205664e-01	3.500000e-04
1	snp_1_29421391	29421391	10	-2.708667e-05	-2.909356e-01	2.080000e-03
1	snp_1_824655	824655	19	2.960471e-05	3.438623e-01	1.050000e-03
1	snp_1_29642068	29642068	22	-3.169485e-05	-4.115237e-01	9.800000e-03
1	snp_1_4523976	4523976	21	2.819185e-05	3.463700e-01	1.040000e-03
1	snp_1_10984596	10984596	12	-2.560781e-05	-3.640446e-01	9.000000e-04
1	snp_1_11015215	11015215	24	3.344559e-05	1.986436e-01	3.910000e-03
1	snp_1_12897085	12897085	20	3.519674e-05	3.879026e-01	2.570000e-03
1	snp_1_16228614	16228614	7	-3.469417e-05	-2.350826e-01	1.310000e-03
1	snp_1_17953233	17953233	22	3.202297e-05	4.585492e-01	4.850000e-03
1	snp_1_18350267	18350267	16	-3.239073e-05	-2.207932e-01	4.120000e-03
2	snp_2_1498722	1498722	29	-1.655395e-05	-3.233306e-01	4.600000e-04
2	snp_2_2195758	2195758	22	-2.199371e-05	-3.695909e-01	6.100000e-04
2	snp_2_7386778	7386778	18	2.893886e-05	4.736845e-01	1.080000e-03
2	snp_2_7591171	7591171	21	1.839883e-05	2.953428e-01	2.000000e-04
2	snp_2_16951949	16951949	23	1.857606e-05	4.984700e-01	2.100000e-04
2	snp_2_18806128	18806128	14	-2.819860e-05	-4.638921e-01	4.150000e-03
2	snp_2_19512563	19512563	16	2.908201e-05	3.277994e-01	8.500000e-04
3	snp_3_3600315	3600315	23	2.627202e-05	3.258861e-01	7.600000e-04
3	snp_3_19440184	19440184	24	1.661105e-05	8.032864e-01	1.250000e-03
3	snp_3_20050820	20050820	22	-1.944335e-05	-5.606390e-01	7.000000e-05
3	snp_3_22734104	22734104	10	2.710079e-05	4.638915e-01	4.810000e-03
3	snp_3_3650551	3650551	19	1.755672e-05	2.448220e-01	5.800000e-04
3	snp_3_5080082	5080082	27	2.167865e-05	2.586953e-01	8.800000e-04
3	snp_3_5353625	5353625	14	3.013466e-05	2.274726e-01	1.760000e-03
3	snp_3_7351998	7351998	9	2.581771e-05	2.277538e-01	9.200000e-04
3	snp_3_10541056	10541056	29	2.273144e-05	4.776096e-01	2.040000e-03
3	snp_3_15866180	15866180	18	-3.624866e-05	-2.797906e-01	2.600000e-03
3	snp_3_17100636	17100636	18	-2.222290e-05	-3.315166e-01	9.600000e-04
3	snp_3_17377826	17377826	13	-3.947259e-05	-3.365203e-01	5.200000e-03
4	snp_4_9650901	9650901	16	-3.303193e-05	-2.547988e-01	1.510000e-03
4	snp_4_10377378	10377378	14	2.513986e-05	3.613140e-01	2.670000e-03
4	snp_4_10941879	10941879	31	-2.788357e-05	-4.532113e-01	6.900000e-04
4	snp_4_10941879	10941879	31	-2.788357e-05	-4.532113e-01	6.900000e-04
4	snp_4_11145452	11145452	23	2.335063e-05	2.250027e-01	1.130000e-03
4	snp_4_12956695	12956695	28	-3.775447e-05	-3.970546e-01	8.810000e-03
4	snp_4_13639635	13639635	11	1.809069e-05	6.051690e-01	4.900000e-04
4	snp_4_16618998	16618998	10	2.993890e-05	3.905604e-01	6.600000e-04
5	snp_5_385749	385749	23	-3.522970e-05	-2.153109e-01	2.670000e-03
5	snp_5_513686	513686	27	-3.601501e-05	-2.176965e-01	5.770000e-03
5	snp_5_2217825	2217825	7	3.342149e-05	2.639082e-01	1.940000e-03
5	snp_5_2282744	2282744	16	2.229485e-05	4.465017e-01	5.300000e-04
5	snp_5_22827446	22827446	12	-3.939943e-06	0.000000e+00	0.000000e+00
5	snp_5_9162778	9162778	22	3.386520e-05	2.939671e-01	3.000000e-03
5	snp_5_14193383	14193383	25	3.023276e-05	2.999608e-01	1.170000e-03
5	snp_5_16656262	16656262	21	2.398513e-05	3.869847e-01	2.100000e-03
5	snp_5_19215175	19215175	12	3.438440e-05	2.810159e-01	1.550000e-03
5	snp_5_25574983	25574983	10	2.661096e-05	3.435532e-01	1.440000e-03
