chr	rs	ps	n_miss	alpha	beta	gamma
1	snp_1_5059790	5059790	17	3.366322e-05	1.443930e-01	4.690000e-03
1	snp_1_5060054	5060054	16	4.138275e-05	1.323363e-01	8.000000e-03
1	snp_1_9931159	9931159	13	4.861360e-05	1.234989e-01	2.888000e-02
1	snp_1_10922032	10922032	4	1.636289e-05	2.726023e-01	6.400000e-04
1	snp_1_10937139	10937139	19	1.656511e-05	2.856724e-01	7.700000e-04
1	snp_1_10941084	10941084	7	1.648039e-05	3.390357e-01	3.100000e-04
1	snp_1_13065932	13065932	6	3.988816e-05	1.518329e-01	9.410000e-03
1	snp_1_13987473	13987473	18	2.472792e-05	2.393943e-01	6.210000e-03
1	snp_1_13987607	13987607	20	2.490637e-05	2.369866e-01	4.340000e-03
1	snp_1_13989625	13989625	16	2.453185e-05	2.007076e-01	5.140000e-03
1	snp_1_13996017	13996017	9	2.387952e-05	1.756427e-01	5.200000e-03
1	snp_1_14005905	14005905	6	2.592478e-05	2.238517e-01	3.070000e-03
1	snp_1_14006531	14006531	5	2.523978e-05	2.118601e-01	2.050000e-03
1	snp_1_14007403	14007403	3	2.648917e-05	2.322101e-01	7.770000e-03
1	snp_1_14008570	14008570	9	2.875224e-05	1.489560e-01	4.790000e-03
1	snp_1_14008939	14008939	12	2.757705e-05	1.786251e-01	1.910000e-03
1	snp_1_14010553	14010553	9	2.709177e-05	1.728284e-01	3.190000e-03
1	snp_1_14015352	14015352	9	2.680347e-05	1.668374e-01	1.170000e-03
1	snp_1_14015367	14015367	7	2.751569e-05	1.384595e-01	5.830000e-03
1	snp_1_14015798	14015798	8	2.759363e-05	1.961681e-01	1.104000e-02
1	snp_1_14016614	14016614	5	2.921424e-05	1.790117e-01	4.600000e-03
1	snp_1_14069676	14069676	11	2.426280e-05	2.245558e-01	1.290000e-03
1	snp_1_21664313	21664313	14	5.938192e-05	9.562618e-02	1.612000e-02
1	snp_1_21973001	21973001	18	3.998020e-05	1.254653e-01	4.060000e-03
1	snp_1_22254972	22254972	9	5.393770e-05	1.046115e-01	1.010000e-02
1	snp_1_24059214	24059214	10	5.991001e-05	9.153386e-02	2.137000e-02
1	snp_1_25766155	25766155	15	-5.089649e-05	-1.074218e-01	6.720000e-03
1	snp_1_28960616	28960616	6	5.967372e-05	1.320098e-01	5.897000e-02
2	snp_2_1707166	1707166	7	3.173256e-05	2.088198e-01	1.473000e-02
2	snp_2_1718394	1718394	16	2.566099e-05	2.100269e-01	1.310000e-03
2	snp_2_1867274	1867274	14	2.269330e-05	2.591024e-01	9.800000e-04
2	snp_2_1867287	1867287	10	2.119871e-05	2.879555e-01	1.710000e-03
2	snp_2_1867347	1867347	19	1.900896e-05	2.372001e-01	7.000000e-04
2	snp_2_1867477	1867477	17	2.303070e-05	3.065914e-01	4.990000e-03
2	snp_2_1867702	1867702	12	2.425996e-05	2.959442e-01	5.490000e-03
2	snp_2_2388407	2388407	9	2.043815e-05	3.045957e-01	2.300000e-03
2	snp_2_2431343	2431343	5	2.058374e-05	3.118338e-01	4.710000e-03
2	snp_2_2437974	2437974	6	2.065938e-05	3.083800e-01	3.830000e-03
2	snp_2_2438248	2438248	6	2.065616e-05	3.192281e-01	3.910000e-03
2	snp_2_2444633	2444633	6	2.041191e-05	3.048519e-01	2.240000e-03
2	snp_2_2444832	2444832	6	2.085590e-05	3.107694e-01	4.000000e-03
3	snp_3_10178857	10178857	20	2.864414e-05	1.091937e-01	3.190000e-03
3	snp_3_23366427	23366427	4	1.854385e-05	3.423718e-01	2.960000e-03
3	snp_3_23367241	23367241	11	2.109070e-05	3.543664e-01	5.180000e-03
3	snp_3_23370394	23370394	2	1.878203e-05	2.515501e-01	1.370000e-03
4	snp_4_8017248	8017248	17	3.184871e-05	1.980322e-01	6.990000e-03
4	snp_4_8705184	8705184	8	3.375605e-05	1.448963e-01	7.800000e-03
4	snp_4_8705297	8705297	10	3.380752e-05	1.720383e-01	7.340000e-03
4	snp_4_15536574	15536574	6	1.736377e-05	2.733675e-01	9.300000e-04
4	snp_4_15595006	15595006	15	1.763807e-05	3.161764e-01	2.390000e-03
4	snp_4_15627233	15627233	8	1.772025e-05	2.817860e-01	4.500000e-04
4	snp_4_15627234	15627234	6	2.235805e-05	3.315351e-01	1.453000e-02
4	snp_4_15631620	15631620	11	2.345685e-05	3.104431e-01	5.250000e-03
4	snp_4_15634372	15634372	7	2.383498e-05	3.190018e-01	7.440000e-03
5	snp_5_345336	345336	8	-4.939816e-05	-1.249960e-01	1.528000e-02
5	snp_5_868513	868513	10	-2.740146e-05	-2.153109e-01	8.740000e-03
5	snp_5_870273	870273	5	-2.806535e-05	-1.846606e-01	1.730000e-03
5	snp_5_3450444	3450444	13	5.154347e-05	1.177360e-01	5.223000e-02
5	snp_5_3450635	3450635	5	4.958853e-05	1.011120e-01	7.390000e-03
5	snp_5_3450692	3450692	12	4.969433e-05	1.147779e-01	1.043000e-02
5	snp_5_3451333	3451333	5	4.818046e-05	8.798337e-02	6.100000e-03
5	snp_5_3452750	3452750	5	5.539120e-05	1.179216e-01	5.194000e-02
5	snp_5_3453040	3453040	7	5.020497e-05	1.159356e-01	1.560000e-02
