chr	rs	ps	n_miss	alpha	beta	gamma
1	snp_1_232121	232121	15	1.888639e-05	5.048995e-01	1.190000e-03
1	snp_1_824655	824655	19	2.960471e-05	3.438623e-01	1.050000e-03
1	snp_1_12897085	12897085	20	3.519674e-05	3.879026e-01	2.570000e-03
1	snp_1_12897171	12897171	31	3.391023e-05	3.449650e-01	2.280000e-03
1	snp_1_12897173	12897173	22	3.301938e-05	2.853467e-01	1.490000e-03
1	snp_1_17953233	17953233	22	3.202297e-05	4.585492e-01	4.850000e-03
1	snp_1_19957858	19957858	17	3.651823e-05	3.758478e-01	7.220000e-03
1	snp_1_19957913	19957913	25	3.721098e-05	3.651624e-01	7.350000e-03
1	snp_1_25490769	25490769	12	1.396298e-05	9.385052e-01	2.900000e-04
1	snp_1_25491977	25491977	3	1.378839e-05	6.101724e-01	7.800000e-04
1	snp_1_25579824	25579824	7	2.206568e-05	5.294436e-01	1.980000e-03
1	snp_1_27108366	27108366	18	-3.311735e-05	-3.719525e-01	3.220000e-03
1	snp_1_29293671	29293671	6	-3.372511e-05	-4.571848e-01	1.206000e-02
1	snp_1_29295489	29295489	11	-2.321313e-05	-3.567976e-01	2.130000e-03
1	snp_1_29640775	29640775	15	-3.098094e-05	-4.203357e-01	5.440000e-03
1	snp_1_29640888	29640888	29	-2.817351e-05	-4.291273e-01	3.130000e-03
1	snp_1_29642068	29642068	22	-3.169485e-05	-4.115237e-01	9.800000e-03
1	snp_1_29642219	29642219	9	-2.981783e-05	-3.492379e-01	1.600000e-03
2	snp_2_7386778	7386778	18	2.893886e-05	4.736845e-01	1.080000e-03
2	snp_2_18806047	18806047	30	-2.500545e-05	-4.358457e-01	1.270000e-03
2	snp_2_18806128	18806128	14	-2.819860e-05	-4.638921e-01	4.150000e-03
2	snp_2_18807203	18807203	20	-2.689026e-05	-4.629459e-01	2.340000e-03
2	snp_2_18807232	18807232	11	-2.491033e-05	-4.858944e-01	9.300000e-04
3	snp_3_10541056	10541056	29	2.273144e-05	4.776096e-01	2.040000e-03
3	snp_3_11819206	11819206	31	-2.097340e-05	-5.755156e-01	1.040000e-03
3	snp_3_15866180	15866180	18	-3.624866e-05	-2.797906e-01	2.600000e-03
3	snp_3_17377788	17377788	11	-3.828379e-05	-3.111054e-01	4.340000e-03
3	snp_3_17377826	17377826	13	-3.947259e-05	-3.365203e-01	5.200000e-03
3	snp_3_17377943	17377943	9	-3.757759e-05	-2.916934e-01	1.890000e-03
3	snp_3_17377946	17377946	11	-3.903409e-05	-3.231131e-01	3.250000e-03
3	snp_3_19440184	19440184	24	1.661105e-05	8.032864e-01	1.250000e-03
3	snp_3_19445711	19445711	31	1.659984e-05	7.270273e-01	5.500000e-04
3	snp_3_22734104	22734104	10	2.710079e-05	4.638915e-01	4.810000e-03
3	snp_3_22736639	22736639	10	2.534691e-05	3.995950e-01	3.310000e-03
4	snp_4_10377378	10377378	14	2.513986e-05	3.613140e-01	2.670000e-03
4	snp_4_10941879	10941879	31	-2.788357e-05	-4.532113e-01	6.900000e-04
4	snp_4_12956695	12956695	28	-3.775447e-05	-3.970546e-01	8.810000e-03
5	snp_5_513686	513686	27	-3.601501e-05	-2.176965e-01	5.770000e-03
5	snp_5_2217825	2217825	7	3.342149e-05	2.639082e-01	1.940000e-03
5	snp_5_9162778	9162778	22	3.386520e-05	2.939671e-01	3.000000e-03
5	snp_5_16656262	16656262	21	2.398513e-05	3.869847e-01	2.100000e-03
