chr	rs	ps	n_miss	alpha	beta	gamma
1	snp_1_2269817	2269817	6	1.184759e-05	3.693540e-02	9.030000e-03
1	snp_1_2269820	2269820	13	1.151965e-05	4.047887e-02	6.520000e-03
1	snp_1_5281263	5281263	9	1.191474e-05	4.037810e-02	5.920000e-03
1	snp_1_12698954	12698954	19	-1.055729e-05	-5.017001e-02	1.380000e-02
1	snp_1_14006531	14006531	5	7.202878e-06	4.876199e-02	1.630000e-03
1	snp_1_14007403	14007403	3	7.200710e-06	2.856075e-02	1.390000e-03
1	snp_1_14015798	14015798	8	7.320270e-06	4.858622e-02	1.680000e-03
1	snp_1_19208726	19208726	8	9.271453e-06	5.785478e-02	7.190000e-03
1	snp_1_24956932	24956932	11	-9.392028e-06	-6.066164e-02	8.660000e-03
1	snp_1_28905318	28905318	9	9.923176e-06	4.642121e-02	4.280000e-03
1	snp_1_28906692	28906692	11	8.294087e-06	4.922146e-02	7.810000e-03
2	snp_2_135797	135797	2	1.073299e-05	5.244070e-02	9.040000e-03
2	snp_2_13579771	13579771	11	-4.020124e-06	0.000000e+00	0.000000e+00
2	snp_2_9074174	9074174	15	8.718822e-06	6.219001e-02	1.652000e-02
3	snp_3_2566348	2566348	14	1.231974e-05	3.371679e-02	7.910000e-03
3	snp_3_19651831	19651831	5	1.258117e-05	3.897009e-02	4.490000e-03
4	snp_4_1597365	1597365	20	9.764022e-06	7.056048e-02	7.203000e-02
4	snp_4_1601862	1601862	18	9.907995e-06	7.524302e-02	1.630400e-01
4	snp_4_1602704	1602704	10	8.920969e-06	5.470562e-02	1.882000e-02
4	snp_4_1603882	1603882	19	8.217052e-06	4.515539e-02	3.870000e-03
4	snp_4_7168645	7168645	16	1.656688e-05	3.267991e-02	1.892000e-02
4	snp_4_7168848	7168848	15	1.749111e-05	3.317545e-02	4.447000e-02
4	snp_4_9122466	9122466	7	-1.248070e-05	-2.766987e-02	4.410000e-03
4	snp_4_10200623	10200623	13	7.293167e-06	6.498916e-02	1.430000e-03
4	snp_4_10207154	10207154	14	9.712364e-06	6.086769e-02	7.970000e-03
4	snp_4_10208212	10208212	12	8.827970e-06	4.573354e-02	3.200000e-03
4	snp_4_10208213	10208213	13	8.821860e-06	4.911788e-02	2.000000e-03
4	snp_4_11553237	11553237	15	1.500859e-05	2.934316e-02	1.378000e-02
4	snp_4_12434510	12434510	3	7.487297e-06	7.129066e-02	2.520000e-03
4	snp_4_12442396	12442396	11	7.479403e-06	6.366559e-02	4.330000e-03
4	snp_4_15627234	15627234	6	6.263672e-06	9.156552e-02	3.970000e-03
4	snp_4_15631620	15631620	11	6.455450e-06	6.891381e-02	1.440000e-03
4	snp_4_15634372	15634372	7	6.618511e-06	6.028297e-02	1.360000e-03
5	snp_5_11469505	11469505	16	-9.145589e-06	-4.099791e-02	8.080000e-03
5	snp_5_18677141	18677141	12	9.104806e-06	6.311776e-02	4.560000e-03
5	snp_5_18677171	18677171	12	9.177037e-06	6.205333e-02	5.850000e-03
5	snp_5_18677229	18677229	11	9.065108e-06	5.801656e-02	5.390000e-03
5	snp_5_22606526	22606526	11	-9.556309e-06	-3.751325e-02	1.660000e-03
5	snp_5_22606717	22606717	10	-9.116651e-06	-4.317155e-02	1.440000e-03
5	snp_5_23906619	23906619	9	1.290866e-05	3.902336e-02	7.020000e-03
5	snp_5_24286074	24286074	10	-1.405499e-05	-3.029771e-02	7.410000e-03
5	snp_5_25068796	25068796	15	-1.299300e-05	-4.199638e-02	1.792000e-02
