chr	rs	ps	n_miss	alpha	beta	gamma
1	snp_1_178286	178286	8	-1.224340e-04	-2.256933e+00	9.200000e-04
1	snp_1_178362	178362	6	-1.196951e-04	-1.528282e+00	1.180000e-03
1	snp_1_713682	713682	15	-6.831891e-05	-5.903824e+00	4.500000e-04
1	snp_1_714700	714700	5	-5.679291e-05	-3.660993e+00	2.400000e-04
1	snp_1_714923	714923	9	-5.633519e-05	-2.030592e+00	2.900000e-04
1	snp_1_716805	716805	3	-5.656315e-05	-1.973416e+00	7.800000e-04
1	snp_1_717161	717161	13	-5.653505e-05	-2.852470e+00	1.900000e-04
1	snp_1_722057	722057	7	-5.720311e-05	-3.077379e+00	1.700000e-04
1	snp_1_724674	724674	4	-6.843632e-05	-4.336885e+00	9.800000e-04
1	snp_1_17566796	17566796	11	1.735729e-04	1.661803e+00	2.880000e-03
1	snp_1_24985100	24985100	11	-2.016859e-04	-1.105018e+00	4.560000e-03
1	snp_1_26797722	26797722	20	-1.354680e-04	-2.509440e+00	2.290000e-03
2	snp_2_10901306	10901306	14	-1.178302e-04	-2.021380e+00	1.050000e-03
2	snp_2_13814044	13814044	13	-1.040753e-04	-2.612024e+00	1.920000e-03
2	snp_2_18191565	18191565	4	-1.093624e-04	-2.527971e+00	7.400000e-04
3	snp_3_18028890	18028890	12	-2.104294e-04	-1.398141e+00	6.460000e-03
4	snp_4_215285	215285	16	1.448957e-04	1.665069e+00	9.400000e-04
4	snp_4_219648	219648	7	1.652998e-04	1.589261e+00	2.830000e-03
4	snp_4_219919	219919	6	1.437901e-04	1.768333e+00	2.110000e-03
4	snp_4_233729	233729	5	1.579796e-04	1.383184e+00	1.470000e-03
4	snp_4_233861	233861	18	1.524541e-04	1.759063e+00	3.150000e-03
4	snp_4_233974	233974	19	1.689161e-04	1.456683e+00	2.640000e-03
4	snp_4_247975	247975	3	1.531127e-04	1.739740e+00	1.870000e-03
4	snp_4_7745123	7745123	14	1.679702e-04	2.016760e+00	3.940000e-03
5	snp_5_6037496	6037496	12	-1.605173e-04	-1.852189e+00	5.800000e-03
5	snp_5_15175370	15175370	20	-2.256670e-04	-1.308919e+00	4.220000e-03
5	snp_5_17002532	17002532	5	-1.618386e-04	-1.508540e+00	2.960000e-03
5	snp_5_17002669	17002669	7	-1.723774e-04	-1.725482e+00	6.630000e-03
5	snp_5_18968000	18968000	8	-1.346306e-04	-2.162026e+00	1.970000e-03
5	snp_5_18968187	18968187	9	-1.322356e-04	-2.258551e+00	3.070000e-03
5	snp_5_18968397	18968397	17	-1.254644e-04	-2.195485e+00	2.600000e-03
5	snp_5_18968500	18968500	11	-1.340635e-04	-2.118329e+00	1.990000e-03
5	snp_5_18968506	18968506	11	-1.324023e-04	-1.630503e+00	1.550000e-03
5	snp_5_18969800	18969800	16	-1.287952e-04	-1.153832e+00	3.820000e-03
5	snp_5_18969815	18969815	11	-1.337403e-04	-1.584962e+00	3.090000e-03
5	snp_5_18970019	18970019	7	-1.434776e-04	-2.508554e+00	5.070000e-03
5	snp_5_18970065	18970065	13	-1.249797e-04	-2.032970e+00	1.030000e-03
5	snp_5_19121947	19121947	13	1.885815e-04	1.639816e+00	8.630000e-03
