chr	rs	ps	n_miss	alpha	beta	gamma
1	snp_1_178286	178286	8	-1.224340e-04	-2.256933e+00	9.200000e-04
1	snp_1_26797722	26797722	20	-1.354680e-04	-2.509440e+00	2.290000e-03
1	snp_1_27310672	27310672	7	-9.656460e-05	-2.215447e+00	8.800000e-04
1	snp_1_724674	724674	4	-6.843632e-05	-4.336885e+00	9.800000e-04
1	snp_1_3758989	3758989	11	-2.034441e-04	-1.178160e+00	1.450000e-03
1	snp_1_5872807	5872807	11	-1.187220e-04	-1.436118e+00	6.200000e-04
1	snp_1_6017022	6017022	6	-1.467767e-04	-1.494042e+00	1.110000e-03
1	snp_1_17373856	17373856	11	1.241521e-04	2.148364e+00	2.700000e-04
1	snp_1_17566796	17566796	11	1.735729e-04	1.661803e+00	2.880000e-03
1	snp_1_18039208	18039208	15	-1.881729e-04	-1.203849e+00	1.230000e-03
1	snp_1_24985100	24985100	11	-2.016859e-04	-1.105018e+00	4.560000e-03
2	snp_2_1122017	1122017	9	1.348833e-04	9.300894e-01	1.260000e-03
2	snp_2_4587895	4587895	20	6.669222e-05	2.898539e+00	9.000000e-05
2	snp_2_7386869	7386869	5	1.413214e-04	1.236163e+00	1.100000e-03
2	snp_2_10870045	10870045	10	-1.571766e-04	-1.399103e+00	1.880000e-03
2	snp_2_10901306	10901306	14	-1.178302e-04	-2.021380e+00	1.050000e-03
2	snp_2_13814044	13814044	13	-1.040753e-04	-2.612024e+00	1.920000e-03
2	snp_2_13942013	13942013	8	1.611359e-04	1.189435e+00	1.050000e-03
2	snp_2_15677263	15677263	6	-1.332750e-04	-9.573438e-01	1.740000e-03
2	snp_2_18191565	18191565	4	-1.093624e-04	-2.527971e+00	7.400000e-04
3	snp_3_1704928	1704928	7	-1.834624e-04	-1.214141e+00	2.910000e-03
3	snp_3_22790819	22790819	15	2.003895e-04	1.167185e+00	2.950000e-03
3	snp_3_2458817	2458817	14	-1.416401e-04	-1.054766e+00	1.240000e-03
3	snp_3_2992003	2992003	11	-1.794434e-04	-1.046382e+00	1.640000e-03
3	snp_3_7840215	7840215	12	-7.730531e-05	-5.987283e-01	1.480000e-03
3	snp_3_16616407	16616407	16	-1.636724e-04	-1.106689e+00	3.450000e-03
3	snp_3_17312520	17312520	17	-1.697628e-04	-1.071171e+00	1.910000e-03
3	snp_3_18028890	18028890	12	-2.104294e-04	-1.398141e+00	6.460000e-03
3	snp_3_20940142	20940142	12	-1.141977e-04	-1.010858e+00	1.980000e-03
3	snp_3_22327883	22327883	18	-9.520774e-05	-2.382034e+00	3.700000e-04
4	snp_4_233861	233861	18	1.524541e-04	1.759063e+00	3.150000e-03
4	snp_4_420941	420941	13	1.974048e-04	1.116226e+00	2.860000e-03
4	snp_4_7745123	7745123	14	1.679702e-04	2.016760e+00	3.940000e-03
5	snp_5_1130739	1130739	11	-1.292404e-04	-1.450406e+00	9.200000e-04
5	snp_5_21032914	21032914	16	-1.005015e-04	-1.438150e+00	5.300000e-04
5	snp_5_23362723	23362723	13	9.269771e-05	1.266995e+00	5.500000e-04
5	snp_5_23897487	23897487	13	1.200990e-04	2.053379e+00	1.040000e-03
5	snp_5_24420839	24420839	8	1.273760e-04	1.954860e+00	2.600000e-04
5	snp_5_25604183	25604183	10	1.563523e-04	1.400786e+00	1.150000e-03
5	snp_5_6037496	6037496	12	-1.605173e-04	-1.852189e+00	5.800000e-03
5	snp_5_15175370	15175370	20	-2.256670e-04	-1.308919e+00	4.220000e-03
5	snp_5_16410141	16410141	15	1.092860e-04	1.899138e+00	3.900000e-04
5	snp_5_17002669	17002669	7	-1.723774e-04	-1.725482e+00	6.630000e-03
5	snp_5_18970019	18970019	7	-1.434776e-04	-2.508554e+00	5.070000e-03
5	snp_5_19068662	19068662	11	1.199190e-04	1.641200e+00	1.020000e-03
5	snp_5_19121947	19121947	13	1.885815e-04	1.639816e+00	8.630000e-03
5	snp_5_19663202	19663202	18	7.987705e-05	3.322052e+00	1.300000e-04
