chr	rs	ps	n_miss	alpha	beta	gamma
1	snp_1_435598	435598	9	-6.020152e-06	-5.911131e-02	1.260000e-03
1	snp_1_1977822	1977822	7	-8.399098e-06	-4.931478e-02	1.520000e-03
1	snp_1_3052756	3052756	2	7.813918e-06	5.391412e-02	1.870000e-03
1	snp_1_5059790	5059790	17	7.722550e-06	4.119688e-02	1.940000e-03
1	snp_1_6943971	6943971	13	-1.124901e-05	-4.733286e-02	1.519000e-02
1	snp_1_9931159	9931159	13	1.173014e-05	4.017755e-02	5.640000e-03
1	snp_1_11969574	11969574	11	1.460281e-05	3.809936e-02	2.621000e-02
1	snp_1_13987473	13987473	18	6.211539e-06	7.134335e-02	2.890000e-03
1	snp_1_13987607	13987607	20	6.291594e-06	7.564552e-02	2.460000e-03
1	snp_1_13989625	13989625	16	6.141725e-06	6.778555e-02	2.340000e-03
1	snp_1_13991932	13991932	11	1.071541e-05	5.499348e-02	2.508000e-02
1	snp_1_13996280	13996280	8	6.695798e-06	3.772860e-02	1.060000e-03
1	snp_1_14005308	14005308	17	6.422878e-06	5.779689e-02	4.610000e-03
1	snp_1_14005905	14005905	6	6.394099e-06	7.057702e-02	1.490000e-03
1	snp_1_14007403	14007403	3	6.546719e-06	6.474910e-02	3.370000e-03
1	snp_1_14008570	14008570	9	7.299221e-06	6.213935e-02	2.440000e-03
1	snp_1_14008939	14008939	12	6.800925e-06	5.329139e-02	2.840000e-03
1	snp_1_14010553	14010553	9	6.883079e-06	5.970547e-02	2.180000e-03
1	snp_1_14015367	14015367	7	6.719329e-06	5.985694e-02	1.250000e-03
1	snp_1_14015798	14015798	8	6.834782e-06	6.597101e-02	7.020000e-03
1	snp_1_14016614	14016614	5	7.345625e-06	6.292371e-02	2.750000e-03
1	snp_1_14028301	14028301	5	6.397505e-06	6.302472e-02	1.280000e-03
1	snp_1_14053036	14053036	10	6.586114e-06	5.416907e-02	1.190000e-03
1	snp_1_14067761	14067761	11	6.907695e-06	5.941727e-02	1.990000e-03
1	snp_1_14069369	14069369	18	6.589228e-06	5.458160e-02	1.830000e-03
1	snp_1_14069676	14069676	11	6.175622e-06	6.416433e-02	3.330000e-03
1	snp_1_14142053	14142053	15	6.508301e-06	5.440943e-02	2.350000e-03
1	snp_1_16920762	16920762	15	8.321635e-06	4.970057e-02	1.880000e-03
1	snp_1_19775987	19775987	0	-7.015961e-06	-5.451602e-02	2.030000e-03
1	snp_1_24059214	24059214	10	1.534171e-05	3.763466e-02	3.377000e-02
1	snp_1_24059250	24059250	6	1.454656e-05	3.518971e-02	1.048000e-02
1	snp_1_24059271	24059271	18	1.438219e-05	3.557119e-02	1.257000e-02
1	snp_1_24059549	24059549	20	1.299067e-05	3.256132e-02	3.470000e-03
1	snp_1_24598941	24598941	9	-6.012396e-06	-5.835070e-02	5.200000e-04
1	snp_1_24598942	24598942	5	-6.070376e-06	-5.308755e-02	9.500000e-04
1	snp_1_28957503	28957503	10	-8.290082e-06	-4.325514e-02	4.750000e-03
1	snp_1_28960616	28960616	6	1.045456e-05	4.957718e-02	5.065600e-01
1	snp_1_28962592	28962592	18	-8.655849e-06	-3.690592e-02	2.640000e-03
2	snp_2_18847549	18847549	11	1.233721e-05	3.465419e-02	4.410000e-03
2	snp_2_18849092	18849092	17	1.213447e-05	3.758395e-02	5.240000e-03
3	snp_3_424584	424584	17	7.681597e-06	4.606298e-02	1.830000e-03
3	snp_3_1005999	1005999	18	-1.308483e-05	-3.502077e-02	3.320000e-03
3	snp_3_7509899	7509899	7	5.938192e-06	7.014369e-02	9.400000e-04
3	snp_3_8891990	8891990	20	9.473651e-06	4.321109e-02	2.100000e-03
3	snp_3_9131277	9131277	14	-7.578583e-06	-5.374279e-02	4.900000e-04
3	snp_3_10178857	10178857	20	6.795458e-06	4.739122e-02	5.100000e-04
3	snp_3_16390667	16390667	12	1.335429e-05	3.221912e-02	5.100000e-03
3	snp_3_16392667	16392667	10	8.328473e-06	5.244264e-02	2.070000e-03
3	snp_3_18812433	18812433	10	-7.270791e-06	-6.331797e-02	2.630000e-03
3	snp_3_19614644	19614644	8	6.385183e-06	6.903258e-02	9.200000e-04
3	snp_3_23360422	23360422	7	4.837972e-06	7.557909e-02	1.200000e-03
3	snp_3_23366427	23366427	4	4.624389e-06	9.365690e-02	2.430000e-03
3	snp_3_23367241	23367241	11	4.895420e-06	9.403499e-02	6.800000e-04
4	snp_4_8017001	8017001	20	9.578408e-06	4.018476e-02	2.250000e-03
4	snp_4_8017167	8017167	7	9.041235e-06	4.150590e-02	3.590000e-03
4	snp_4_8017248	8017248	17	8.415167e-06	7.398322e-02	1.370000e-02
4	snp_4_11880639	11880639	8	-7.767289e-06	-5.044677e-02	1.940000e-03
4	snp_4_14799256	14799256	14	1.069951e-05	3.925447e-02	9.700000e-04
4	snp_4_14823304	14823304	7	-1.241848e-05	-3.632624e-02	4.530000e-03
4	snp_4_15595006	15595006	15	4.093647e-06	9.891983e-02	8.000000e-04
4	snp_4_15627234	15627234	6	5.029922e-06	9.101572e-02	1.540000e-03
4	snp_4_15631620	15631620	11	5.347692e-06	5.789465e-02	1.560000e-03
4	snp_4_15634372	15634372	7	5.451698e-06	7.410154e-02	1.170000e-03
5	snp_5_345336	345336	8	-1.276518e-05	-4.165276e-02	2.955000e-02
5	snp_5_628109	628109	9	-8.330572e-06	-4.797794e-02	2.470000e-03
5	snp_5_868513	868513	10	-7.319697e-06	-6.868891e-02	6.210000e-03
5	snp_5_870273	870273	5	-7.766138e-06	-6.874097e-02	9.040000e-03
5	snp_5_891939	891939	5	-8.169687e-06	-5.683594e-02	4.150000e-03
5	snp_5_902424	902424	11	-6.730652e-06	-5.669074e-02	1.370000e-03
5	snp_5_3450444	3450444	13	1.285148e-05	3.691137e-02	5.130000e-03
5	snp_5_3452750	3452750	5	1.338694e-05	3.551820e-02	8.210000e-03
5	snp_5_6494640	6494640	12	7.442901e-06	5.259650e-02	2.050000e-03
5	snp_5_8507738	8507738	19	1.238948e-05	3.925361e-02	4.940000e-03
5	snp_5_9914807	9914807	14	1.012399e-05	4.190560e-02	2.580000e-03
5	snp_5_18222186	18222186	14	5.446612e-06	5.024304e-02	2.100000e-04
5	snp_5_20870482	20870482	11	-7.566818e-06	-6.007310e-02	1.480000e-03
5	snp_5_26464833	26464833	20	1.024678e-05	4.257298e-02	6.390000e-03
5	snp_5_26473466	26473466	3	1.024161e-05	5.115699e-02	1.200000e-02
