chr	rs	ps	n_miss	alpha	beta	gamma
1	snp_1_474406	474406	6	1.294562e-05	3.094607e-02	3.970000e-03
1	snp_1_24698145	24698145	14	9.541162e-06	6.676739e-02	3.080000e-03
1	snp_1_24956932	24956932	11	-1.192724e-05	-6.337883e-02	3.310000e-03
1	snp_1_29181783	29181783	6	1.272539e-05	4.962600e-02	1.440000e-03
1	snp_1_2445785	2445785	15	9.029960e-06	4.858617e-02	1.430000e-03
1	snp_1_6579731	6579731	20	6.146188e-06	8.071089e-02	6.900000e-04
1	snp_1_13052626	13052626	5	1.188469e-05	5.018243e-02	2.530000e-03
1	snp_1_13144096	13144096	9	1.479654e-05	4.141078e-02	1.920000e-03
1	snp_1_13328966	13328966	16	1.727816e-05	3.622898e-02	5.790000e-03
1	snp_1_14006531	14006531	5	9.329535e-06	5.993596e-02	1.550000e-03
1	snp_1_14300695	14300695	16	7.475357e-06	8.051030e-02	1.410000e-03
1	snp_1_18785351	18785351	10	2.052382e-05	2.756384e-02	4.910000e-03
2	snp_2_135797	135797	2	1.298664e-05	5.320581e-02	7.210000e-03
2	snp_2_13579771	13579771	11	-2.723250e-06	0.000000e+00	0.000000e+00
2	snp_2_1725007	1725007	9	1.065819e-05	5.564802e-02	2.730000e-03
2	snp_2_17250075	17250075	4	-7.035598e-07	0.000000e+00	0.000000e+00
2	snp_2_1867287	1867287	10	8.014348e-06	6.764559e-02	1.380000e-03
2	snp_2_11678443	11678443	20	1.255693e-05	5.765338e-02	4.440000e-03
2	snp_2_12928949	12928949	5	1.132554e-05	5.568429e-02	1.020000e-03
2	snp_2_16783879	16783879	9	1.052478e-05	5.707421e-02	2.180000e-03
2	snp_2_19556939	19556939	6	-1.484822e-05	-4.709694e-02	4.650000e-03
3	snp_3_865559	865559	7	1.341727e-05	6.883557e-02	1.752000e-02
3	snp_3_19367815	19367815	6	1.082378e-05	5.846228e-02	9.600000e-04
3	snp_3_19651831	19651831	5	1.684072e-05	4.306874e-02	6.380000e-03
3	snp_3_2566348	2566348	14	1.595688e-05	4.056629e-02	5.610000e-03
3	snp_3_4088655	4088655	18	-1.168688e-05	-7.642168e-02	3.677000e-02
3	snp_3_5175607	5175607	12	-7.928490e-06	-5.999827e-02	9.300000e-04
3	snp_3_7028749	7028749	20	-1.430887e-05	-4.266928e-02	2.740000e-03
3	snp_3_9025990	9025990	10	1.955580e-05	3.497468e-02	9.000000e-03
3	snp_3_10587592	10587592	11	1.702973e-05	4.136893e-02	2.800000e-03
3	snp_3_16932954	16932954	12	1.962497e-05	3.326173e-02	4.420000e-03
3	snp_3_17784448	17784448	16	-2.142084e-05	-3.077885e-02	4.200000e-03
4	snp_4_196971	196971	13	1.280102e-05	4.247515e-02	4.710000e-03
4	snp_4_12434510	12434510	3	9.282367e-06	6.480082e-02	8.300000e-04
4	snp_4_14454821	14454821	19	-1.947593e-05	-3.511371e-02	6.700000e-03
4	snp_4_15536574	15536574	6	6.186828e-06	9.293004e-02	6.500000e-04
4	snp_4_15595006	15595006	15	6.067949e-06	1.007812e-01	3.100000e-04
4	snp_4_15627234	15627234	6	8.800694e-06	1.251225e-01	4.220000e-02
4	snp_4_16347675	16347675	7	1.321141e-05	5.001037e-02	8.040000e-03
4	snp_4_1597365	1597365	20	1.322634e-05	7.274223e-02	8.442000e-02
4	snp_4_6162846	6162846	18	1.636121e-05	4.295181e-02	1.069000e-02
4	snp_4_6755397	6755397	10	1.197979e-05	6.442605e-02	1.411000e-02
4	snp_4_7000816	7000816	13	1.417506e-05	4.207379e-02	3.530000e-03
4	snp_4_7168665	7168665	11	2.112051e-05	2.961879e-02	7.710000e-03
4	snp_4_7891586	7891586	17	2.037930e-05	3.592649e-02	1.030000e-02
4	snp_4_8705297	8705297	10	1.270050e-05	4.642590e-02	2.430000e-03
4	snp_4_12078725	12078725	19	1.423914e-05	4.375712e-02	7.240000e-03
5	snp_5_94878	94878	3	1.336100e-05	5.259614e-02	5.560000e-03
5	snp_5_868513	868513	10	-1.016182e-05	-6.408701e-02	1.230000e-03
5	snp_5_5137188	5137188	12	1.060738e-05	6.846349e-02	5.780000e-03
5	snp_5_6821861	6821861	16	-5.981615e-06	-1.072368e-01	8.900000e-04
5	snp_5_13466712	13466712	19	-2.109115e-05	-3.408340e-02	8.740000e-03
5	snp_5_17878398	17878398	11	-1.237425e-05	-5.981138e-02	2.900000e-03
5	snp_5_23906619	23906619	9	1.693763e-05	3.905638e-02	9.690000e-03
