chr	rs	ps	n_miss	alpha	beta	gamma
1	snp_1_4223873	4223873	9	-3.150166e-05	-7.245732e-02	1.251000e-02
1	snp_1_4223882	4223882	6	-3.021980e-05	-4.978675e-02	5.640000e-03
1	snp_1_9935032	9935032	13	2.344949e-05	9.505001e-02	2.879000e-02
1	snp_1_14015798	14015798	8	1.596559e-05	8.471737e-02	1.430000e-03
1	snp_1_17443167	17443167	17	-3.031152e-05	-5.107834e-02	8.800000e-03
1	snp_1_17444818	17444818	13	-3.026070e-05	-6.468390e-02	4.190000e-03
1	snp_1_21664313	21664313	14	3.557741e-05	6.336342e-02	2.108000e-02
1	snp_1_22255145	22255145	9	3.435425e-05	6.782009e-02	8.980000e-03
1	snp_1_22580617	22580617	18	-1.953152e-05	-1.085821e-01	4.210000e-03
1	snp_1_24059214	24059214	10	3.562980e-05	6.066363e-02	1.614000e-02
1	snp_1_25766155	25766155	15	-3.209026e-05	-8.236551e-02	8.139000e-02
1	snp_1_25766483	25766483	13	-3.007860e-05	-7.336639e-02	2.792000e-02
1	snp_1_25766859	25766859	15	-2.937399e-05	-8.099865e-02	5.078000e-02
1	snp_1_25766860	25766860	17	-2.892844e-05	-7.534856e-02	7.670000e-03
1	snp_1_25767072	25767072	16	-2.909955e-05	-7.545236e-02	2.133000e-02
1	snp_1_28960616	28960616	6	3.378522e-05	7.232246e-02	1.586000e-02
2	snp_2_1867347	1867347	19	1.171203e-05	5.364834e-02	1.070000e-03
2	snp_2_1867702	1867702	12	1.374272e-05	1.180716e-01	8.800000e-04
2	snp_2_11501109	11501109	7	-2.866157e-05	-9.061985e-02	4.995000e-02
2	snp_2_13656781	13656781	14	-3.063474e-05	-7.658705e-02	1.800000e-02
2	snp_2_14473287	14473287	18	-2.764252e-05	-8.578712e-02	2.650000e-02
2	snp_2_14483753	14483753	14	-3.189079e-05	-6.948331e-02	1.739000e-02
2	snp_2_17481476	17481476	14	-2.838796e-05	-8.428066e-02	1.215000e-02
2	snp_2_17481477	17481477	18	-2.730952e-05	-6.397467e-02	7.340000e-03
2	snp_2_17495919	17495919	20	2.038778e-05	8.508935e-02	7.630000e-03
2	snp_2_17552653	17552653	20	3.153079e-05	6.579784e-02	1.592000e-02
2	snp_2_17552737	17552737	15	3.041261e-05	6.556198e-02	7.670000e-03
3	snp_3_7027459	7027459	10	-1.501650e-05	-1.238994e-01	2.230000e-03
3	snp_3_7028749	7028749	20	-2.496093e-05	-7.706651e-02	1.543000e-02
3	snp_3_7218045	7218045	18	-2.949395e-05	-4.856162e-02	5.440000e-03
3	snp_3_18050607	18050607	10	3.287957e-05	6.274039e-02	1.539000e-02
3	snp_3_19651636	19651636	6	2.697845e-05	7.263110e-02	1.150000e-02
3	snp_3_19651831	19651831	5	2.759985e-05	9.272792e-02	2.106000e-02
3	snp_3_19710765	19710765	15	1.950506e-05	8.220902e-02	1.040000e-03
3	snp_3_19710812	19710812	11	1.979491e-05	6.268917e-02	3.550000e-03
3	snp_3_23366427	23366427	4	1.036042e-05	1.088928e-01	1.800000e-04
3	snp_3_23367241	23367241	11	1.135040e-05	7.268053e-02	6.900000e-04
4	snp_4_6442925	6442925	9	-2.386849e-05	-8.191722e-02	1.709000e-02
4	snp_4_6442952	6442952	15	-2.217289e-05	-7.805543e-02	4.050000e-03
4	snp_4_6495905	6495905	18	-3.464977e-05	-5.795333e-02	1.405000e-02
4	snp_4_6512452	6512452	7	3.156451e-05	5.356739e-02	4.860000e-03
4	snp_4_6513568	6513568	7	3.439251e-05	6.003518e-02	6.950000e-03
4	snp_4_6515079	6515079	19	-2.578506e-05	-6.586476e-02	7.080000e-03
4	snp_4_8017248	8017248	17	1.795161e-05	7.958516e-02	2.960000e-03
4	snp_4_11276081	11276081	3	2.363587e-05	8.293027e-02	6.140000e-03
4	snp_4_12703608	12703608	9	-2.980044e-05	-7.193794e-02	1.673000e-02
4	snp_4_15433739	15433739	12	-2.140540e-05	-7.965758e-02	8.060000e-03
4	snp_4_16660456	16660456	3	2.258124e-05	8.368678e-02	1.093000e-02
5	snp_5_868513	868513	10	-1.818554e-05	-1.165970e-01	5.550000e-03
5	snp_5_3174212	3174212	18	-1.741972e-05	-7.821871e-02	8.500000e-04
5	snp_5_3448824	3448824	11	-2.547711e-05	-6.192748e-02	8.990000e-03
5	snp_5_3448880	3448880	9	2.126229e-05	7.757017e-02	4.380000e-02
5	snp_5_3448992	3448992	16	-2.287634e-05	-7.815560e-02	1.140000e-03
5	snp_5_3449958	3449958	8	-2.642543e-05	-8.335969e-02	4.760000e-03
5	snp_5_3450444	3450444	13	2.502669e-05	9.509365e-02	1.435200e-01
5	snp_5_3450635	3450635	5	2.472146e-05	8.205459e-02	8.865000e-02
5	snp_5_3450692	3450692	12	2.414514e-05	9.005882e-02	3.209000e-02
5	snp_5_3451107	3451107	6	-2.460460e-05	-5.958016e-02	1.525000e-02
5	snp_5_3451120	3451120	14	-2.289129e-05	-7.796106e-02	6.650000e-03
5	snp_5_3451333	3451333	5	2.424086e-05	8.942735e-02	1.562500e-01
5	snp_5_3451823	3451823	17	2.165869e-05	8.583050e-02	2.469000e-02
5	snp_5_3452750	3452750	5	2.653035e-05	9.007118e-02	9.470000e-02
5	snp_5_3453040	3453040	7	2.358264e-05	7.753254e-02	3.039000e-02
5	snp_5_9202449	9202449	13	-2.283217e-05	-8.025066e-02	6.930000e-03
5	snp_5_9204195	9204195	17	-2.332916e-05	-8.541994e-02	2.570000e-03
5	snp_5_9208553	9208553	20	-2.260827e-05	-1.125446e-01	1.196000e-02
5	snp_5_9208780	9208780	11	-2.180328e-05	-7.799587e-02	1.019000e-02
5	snp_5_9208996	9208996	11	-2.057560e-05	-7.539869e-02	2.300000e-03
5	snp_5_9209907	9209907	17	-1.962804e-05	-7.264954e-02	4.540000e-03
5	snp_5_9227833	9227833	14	-2.034569e-05	-8.318811e-02	1.281000e-02
5	snp_5_13101410	13101410	18	2.073276e-05	9.419861e-02	1.435000e-02
5	snp_5_20923419	20923419	13	3.276743e-05	7.283071e-02	3.723000e-02
5	snp_5_26351213	26351213	15	3.024766e-05	5.947280e-02	1.660000e-02
5	snp_5_26351397	26351397	18	3.223908e-05	6.864761e-02	6.710000e-03
5	snp_5_26464833	26464833	20	2.570416e-05	8.414222e-02	1.467000e-02
5	snp_5_26465300	26465300	9	2.725053e-05	8.494868e-02	1.255000e-02
5	snp_5_26472937	26472937	13	2.463774e-05	8.361304e-02	4.840000e-03
5	snp_5_26473466	26473466	3	2.449623e-05	8.111666e-02	1.740000e-02
5	snp_5_26474956	26474956	11	2.265395e-05	7.114357e-02	7.610000e-03
