snp_5_16656262	5	16656262	9.801176e-05	5.4
snp_5_9162778	5	9162778	6.241307e-05	5.3
snp_5_2217825	5	2217825	8.474831e-05	5.2
snp_5_513686	5	513686	8.336512e-05	5.1
snp_4_12956695	4	12956695	8.881434e-06	4.3
snp_4_10941879	4	10941879	7.339956e-05	4.2
snp_4_10377378	4	10377378	3.626686e-05	4.1
snp_3_22734104	3	22734104	1.837776e-05	3.6
snp_3_19440184	3	19440184	1.198675e-05	3.5
snp_3_17377826	3	17377826	2.997819e-05	3.4
snp_3_15866180	3	15866180	6.716242e-05	3.3
snp_3_11819206	3	11819206	4.116248e-05	3.2
snp_3_10541056	3	10541056	4.257647e-05	3.1
snp_2_18806128	2	18806128	9.867967e-06	2.2
snp_2_7386778	2	7386778	6.453496e-05	2.1
snp_1_29293671	1	29293671	4.076551e-06	1.9
snp_1_27108366	1	27108366	5.742172e-05	1.8
snp_1_25579824	1	25579824	3.239143e-05	1.7
snp_1_25490769	1	25490769	7.913644e-05	1.6
snp_1_19957913	1	19957913	1.332515e-05	1.5
snp_1_17953233	1	17953233	1.060661e-05	1.4
snp_1_12897085	1	12897085	3.803519e-05	1.3
snp_1_824655	1	824655	4.780471e-05	1.2
snp_1_29642068	1	29642068	1.210735e-05	1.10
snp_1_232121	1	232121	8.145388e-05	1.1
