snp_5_23897487	5	23897487	5.614465e-05	5.9
snp_5_21032914	5	21032914	9.471098e-05	5.8
snp_5_19663202	5	19663202	7.745311e-05	5.7
snp_5_19121947	5	19121947	1.031934e-05	5.6
snp_5_18970019	5	18970019	4.827351e-06	5.5
snp_5_17002669	5	17002669	1.461002e-05	5.4
snp_5_15175370	5	15175370	3.737042e-05	5.3
snp_5_13655212	5	13655212	5.618556e-05	5.2
snp_5_25604183	5	25604183	7.987173e-05	5.10
snp_5_6037496	5	6037496	7.414918e-06	5.1
snp_4_7745123	4	7745123	1.733414e-05	4.3
snp_4_247975	4	247975	3.471099e-05	4.2
snp_4_233861	4	233861	1.551916e-05	4.1
snp_3_22790819	3	22790819	9.983806e-05	3.5
snp_3_20940142	3	20940142	8.774743e-05	3.4
snp_3_18028890	3	18028890	2.264595e-05	3.3
snp_3_7840215	3	7840215	9.958526e-05	3.2
snp_3_1704928	3	1704928	9.798303e-05	3.1
snp_2_18191565	2	18191565	3.574046e-05	2.5
snp_2_15677263	2	15677263	5.936281e-05	2.4
snp_2_13942013	2	13942013	9.149257e-05	2.3
snp_2_13814044	2	13814044	8.879422e-06	2.2
snp_2_10901306	2	10901306	2.855742e-05	2.1
snp_1_27310672	1	27310672	9.086338e-05	1.8
snp_1_26797722	1	26797722	1.487585e-05	1.7
snp_1_24985100	1	24985100	3.608908e-05	1.6
snp_1_17566796	1	17566796	2.267408e-05	1.5
snp_1_17373856	1	17373856	7.004327e-05	1.4
snp_1_3758989	1	3758989	9.409823e-05	1.3
snp_1_724674	1	724674	4.186091e-06	1.2
snp_1_178286	1	178286	2.982563e-05	1.1
