snp_5_26473466	5	26473466	2.248052e-05	5.9
snp_5_26351397	5	26351397	4.362554e-05	5.8
snp_5_20923419	5	20923419	3.086979e-05	5.7
snp_5_13101410	5	13101410	4.106661e-05	5.6
snp_5_9227833	5	9227833	5.741999e-05	5.5
snp_5_9208553	5	9208553	1.472631e-05	5.4
snp_5_3452750	5	3452750	1.773897e-07	5.3
snp_5_3174212	5	3174212	6.453993e-05	5.2
snp_5_868513	5	868513	3.440573e-05	5.1
snp_4_16660456	4	16660456	7.692483e-05	4.8
snp_4_15433739	4	15433739	8.332988e-05	4.7
snp_4_12703608	4	12703608	5.182656e-05	4.6
snp_4_11276081	4	11276081	2.185977e-05	4.5
snp_4_8017248	4	8017248	5.302451e-05	4.4
snp_4_6513568	4	6513568	3.428612e-05	4.3
snp_4_6495905	4	6495905	7.884458e-05	4.2
snp_4_6442925	4	6442925	3.032089e-05	4.1
snp_3_23366427	3	23366427	8.657637e-05	3.6
snp_3_19710812	3	19710812	6.010132e-05	3.5
snp_3_19651831	3	19651831	2.963469e-05	3.4
snp_3_18050607	3	18050607	6.745066e-05	3.3
snp_3_7218045	3	7218045	7.224413e-05	3.2
snp_3_7027459	3	7027459	2.791181e-05	3.1
snp_2_17552653	2	17552653	4.001878e-05	2.8
snp_2_17495919	2	17495919	2.102617e-05	2.7
snp_2_17481476	2	17481476	5.37813e-05	2.6
snp_2_14483753	2	14483753	1.936559e-05	2.5
snp_2_14473287	2	14473287	9.141296e-05	2.4
snp_2_13656781	2	13656781	1.899052e-05	2.3
snp_2_11501109	2	11501109	2.006257e-05	2.2
snp_2_1867702	2	1867702	4.735957e-05	2.1
snp_1_25766155	1	25766155	7.561204e-06	1.9
snp_1_24059214	1	24059214	3.395619e-05	1.8
snp_1_22580617	1	22580617	6.661976e-05	1.7
snp_1_22255145	1	22255145	7.416202e-05	1.6
snp_1_21664313	1	21664313	3.579951e-05	1.5
snp_1_17444818	1	17444818	4.847722e-05	1.4
snp_1_14015798	1	14015798	7.395236e-05	1.3
snp_1_9935032	1	9935032	5.198682e-05	1.2
snp_1_28960616	1	28960616	8.144267e-05	1.10
snp_1_4223873	1	4223873	3.887834e-05	1.1
