snp_5_22550655	5	22550655	3.690659e-06	5.5
snp_5_22539020	5	22539020	9.589211e-05	5.4
snp_5_20833147	5	20833147	5.433402e-05	5.3
snp_5_1931166	5	1931166	3.951306e-05	5.2
snp_5_837869	5	837869	1.149501e-05	5.1
snp_4_16444504	4	16444504	1.991913e-05	4.4
snp_4_16434461	4	16434461	1.050231e-05	4.3
snp_4_16394656	4	16394656	1.974511e-05	4.2
snp_4_13611309	4	13611309	1.389724e-05	4.1
snp_3_20030692	3	20030692	9.992234e-05	3.2
snp_3_455777	3	455777	9.173759e-05	3.1
snp_2_11674627	2	11674627	9.833739e-06	2.3
snp_2_5070454	2	5070454	2.39654e-05	2.2
snp_2_784430	2	784430	9.395713e-05	2.1
snp_1_29336627	1	29336627	7.238497e-05	1.9
snp_1_29293671	1	29293671	7.054138e-06	1.8
snp_1_25681787	1	25681787	2.320385e-05	1.7
snp_1_24484943	1	24484943	7.440855e-05	1.6
snp_1_22601674	1	22601674	4.419132e-05	1.5
snp_1_21361167	1	21361167	9.513539e-05	1.4
snp_1_16177519	1	16177519	5.891951e-05	1.3
snp_1_5273595	1	5273595	4.88551e-05	1.2
snp_1_30186985	1	30186985	3.843077e-05	1.17
snp_1_29640888	1	29640888	1.460035e-05	1.16
snp_1_29558943	1	29558943	5.772057e-05	1.15
snp_1_29442386	1	29442386	9.158407e-05	1.14
snp_1_29423024	1	29423024	4.139163e-06	1.13
snp_1_29397972	1	29397972	6.425753e-05	1.12
snp_1_29384987	1	29384987	1.314682e-05	1.11
snp_1_29366066	1	29366066	2.897935e-05	1.10
snp_1_4631162	1	4631162	3.579093e-05	1.1
