snp_5_24172892	5	24172892	1.657719e-05	5.7
snp_5_18448206	5	18448206	2.585916e-07	5.6
snp_5_18152788	5	18152788	6.271559e-05	5.5
snp_5_18036846	5	18036846	1.116568e-06	5.4
snp_5_17878398	5	17878398	7.171533e-06	5.3
snp_5_14317338	5	14317338	4.110571e-05	5.2
snp_5_8888782	5	8888782	8.935012e-05	5.1
snp_4_15634372	4	15634372	2.815671e-05	4.6
snp_4_9471941	4	9471941	5.988131e-05	4.5
snp_4_8826941	4	8826941	2.294053e-05	4.4
snp_4_7891586	4	7891586	7.669083e-05	4.3
snp_4_6755397	4	6755397	8.381479e-06	4.2
snp_4_2683832	4	2683832	2.237609e-05	4.1
snp_3_19282322	3	19282322	1.876177e-05	3.3
snp_3_5383184	3	5383184	5.11745e-05	3.2
snp_3_4088655	3	4088655	1.820801e-05	3.1
snp_2_17160802	2	17160802	5.310244e-05	2.9
snp_2_16420776	2	16420776	7.671087e-05	2.8
snp_2_13012758	2	13012758	7.88288e-05	2.7
snp_2_11678443	2	11678443	3.262985e-06	2.6
snp_2_11203918	2	11203918	2.224424e-05	2.5
snp_2_8360445	2	8360445	1.454568e-05	2.4
snp_2_8336716	2	8336716	9.244441e-05	2.3
snp_2_6360194	2	6360194	5.229739e-05	2.2
snp_2_5390673	2	5390673	8.356756e-05	2.1
snp_1_24668317	1	24668317	4.382815e-06	1.9
snp_1_23872093	1	23872093	6.74404e-06	1.8
snp_1_23860009	1	23860009	6.428477e-05	1.7
snp_1_23815108	1	23815108	3.160983e-05	1.6
snp_1_23194570	1	23194570	2.386379e-05	1.5
snp_1_22702403	1	22702403	1.977949e-05	1.4
snp_1_18035850	1	18035850	1.692908e-05	1.3
snp_1_13470184	1	13470184	9.608309e-05	1.2
snp_1_27424826	1	27424826	6.461968e-05	1.12
snp_1_26901573	1	26901573	7.656047e-05	1.11
snp_1_24698145	1	24698145	1.250547e-05	1.10
snp_1_10853554	1	10853554	4.525188e-05	1.1
