snp_5_20373062	5	20373062	4.213359e-05	5.3
snp_5_18054670	5	18054670	6.880365e-05	5.2
snp_5_837869	5	837869	3.425448e-05	5.1
snp_4_16444504	4	16444504	4.245339e-05	4.6
snp_4_16434461	4	16434461	3.676841e-05	4.5
snp_4_16397393	4	16397393	2.657384e-05	4.4
snp_4_13611309	4	13611309	4.400827e-05	4.3
snp_4_9887870	4	9887870	6.099753e-05	4.2
snp_4_6924771	4	6924771	7.174774e-05	4.1
snp_3_22939972	3	22939972	6.237686e-05	3.1
snp_2_18807203	2	18807203	8.578486e-05	2.7
snp_2_12610217	2	12610217	4.750638e-05	2.6
snp_2_12481857	2	12481857	9.593896e-05	2.5
snp_2_9877226	2	9877226	6.639043e-05	2.4
snp_2_7591171	2	7591171	8.807514e-05	2.3
snp_2_7386778	2	7386778	6.02194e-05	2.2
snp_2_5070454	2	5070454	4.401834e-05	2.1
snp_1_25584004	1	25584004	4.318631e-05	1.9
snp_1_25570907	1	25570907	5.236638e-05	1.8
snp_1_25453786	1	25453786	4.092048e-05	1.7
snp_1_22601674	1	22601674	5.879146e-05	1.6
snp_1_19957858	1	19957858	9.100835e-06	1.5
snp_1_17953233	1	17953233	3.76939e-05	1.4
snp_1_9221773	1	9221773	8.552033e-05	1.3
snp_1_30328791	1	30328791	5.213742e-05	1.23
snp_1_30297037	1	30297037	3.634262e-05	1.22
snp_1_30186985	1	30186985	7.485255e-05	1.21
snp_1_29640888	1	29640888	1.00488e-05	1.20
snp_1_5273595	1	5273595	4.620886e-05	1.2
snp_1_29558943	1	29558943	6.264424e-05	1.19
snp_1_29442386	1	29442386	4.577601e-05	1.18
snp_1_29421391	1	29421391	1.67866e-05	1.17
snp_1_29397972	1	29397972	6.983449e-05	1.16
snp_1_29384987	1	29384987	1.318504e-05	1.15
snp_1_29371152	1	29371152	5.281991e-05	1.14
snp_1_29336627	1	29336627	6.738656e-05	1.13
snp_1_29293671	1	29293671	6.265108e-06	1.12
snp_1_27866170	1	27866170	5.818239e-05	1.11
snp_1_25681787	1	25681787	1.694335e-05	1.10
snp_1_232039	1	232039	3.138244e-05	1.1
