snp_5_17035182	5	17035182	7.620177e-05	5.5
snp_5_3450444	5	3450444	3.311479e-05	5.4
snp_5_1284843	5	1284843	6.836756e-06	5.3
snp_5_1055415	5	1055415	5.156415e-05	5.2
snp_5_996382	5	996382	1.181726e-05	5.1
snp_4_12173276	4	12173276	5.393033e-05	4.3
snp_4_9137311	4	9137311	7.024605e-05	4.2
snp_4_7453224	4	7453224	1.877935e-05	4.1
snp_3_20474140	3	20474140	5.267277e-05	3.7
snp_3_19604878	3	19604878	3.746839e-06	3.6
snp_3_12586845	3	12586845	7.71224e-05	3.5
snp_3_9926079	3	9926079	6.069683e-05	3.4
snp_3_7431089	3	7431089	2.862056e-05	3.3
snp_3_7027459	3	7027459	1.302653e-06	3.2
snp_3_655370	3	655370	9.338081e-05	3.1
snp_2_10181120	2	10181120	5.572703e-05	2.4
snp_2_5680129	2	5680129	8.697718e-05	2.3
snp_2_2969916	2	2969916	8.599774e-05	2.2
snp_2_2273687	2	2273687	5.504646e-06	2.1
snp_1_23222601	1	23222601	9.622698e-05	1.9
snp_1_18896379	1	18896379	5.804855e-05	1.8
snp_1_18807824	1	18807824	8.978276e-05	1.7
snp_1_12001120	1	12001120	6.525679e-05	1.6
snp_1_9040813	1	9040813	1.943933e-06	1.5
snp_1_8586686	1	8586686	3.850875e-05	1.4
snp_1_6152894	1	6152894	6.085856e-05	1.3
snp_1_2854801	1	2854801	9.998313e-05	1.2
snp_1_29392295	1	29392295	6.716697e-05	1.12
snp_1_26832191	1	26832191	2.266225e-05	1.11
snp_1_25487805	1	25487805	3.748558e-05	1.10
snp_1_52910	1	52910	3.981924e-05	1.1
