snp_5_23119501	5	23119501	2.088257e-05	5.8
snp_5_17377101	5	17377101	4.201894e-05	5.7
snp_5_14797505	5	14797505	6.783365e-05	5.6
snp_5_3452750	5	3452750	3.450907e-07	5.5
snp_5_996382	5	996382	2.314673e-05	5.4
snp_5_778069	5	778069	7.188087e-05	5.3
snp_5_392722	5	392722	2.848154e-05	5.2
snp_5_160227	5	160227	4.821412e-05	5.1
snp_4_16631793	4	16631793	2.13151e-05	4.7
snp_4_15631620	4	15631620	2.226936e-05	4.6
snp_4_15573506	4	15573506	4.296234e-05	4.5
snp_4_15536574	4	15536574	4.894031e-05	4.4
snp_4_13639623	4	13639623	5.509541e-06	4.3
snp_4_9010430	4	9010430	5.523607e-06	4.2
snp_4_7453224	4	7453224	1.195683e-05	4.1
snp_3_21759736	3	21759736	6.559379e-05	3.8
snp_3_19604489	3	19604489	3.731766e-05	3.7
snp_3_14942470	3	14942470	1.721199e-05	3.6
snp_3_6121544	3	6121544	8.645132e-05	3.5
snp_3_5298766	3	5298766	9.2806e-05	3.4
snp_3_5265244	3	5265244	8.561472e-05	3.3
snp_3_4717683	3	4717683	2.306175e-05	3.2
snp_3_4083729	3	4083729	8.134323e-05	3.1
snp_2_16537788	2	16537788	1.64181e-05	2.5
snp_2_2415854	2	2415854	6.680717e-05	2.4
snp_2_2383117	2	2383117	8.107403e-05	2.3
snp_2_2368145	2	2368145	8.312854e-05	2.2
snp_2_538698	2	538698	1.321566e-05	2.1
snp_1_22488594	1	22488594	3.585474e-05	1.9
snp_1_21871843	1	21871843	4.448156e-05	1.8
snp_1_21678725	1	21678725	6.186593e-05	1.7
snp_1_12243249	1	12243249	6.788734e-05	1.6
snp_1_10577361	1	10577361	9.77858e-05	1.5
snp_1_10190605	1	10190605	4.569409e-05	1.4
snp_1_9665344	1	9665344	9.413491e-05	1.3
snp_1_8586686	1	8586686	7.06149e-05	1.2
snp_1_29045133	1	29045133	4.058726e-05	1.15
snp_1_27108803	1	27108803	1.45777e-05	1.14
snp_1_26832191	1	26832191	8.513612e-05	1.13
snp_1_26074468	1	26074468	2.930626e-05	1.12
snp_1_25766155	1	25766155	6.039737e-05	1.11
snp_1_23450120	1	23450120	5.652005e-05	1.10
snp_1_915870	1	915870	5.338866e-05	1.1
