snp_5_9914807	5	9914807	5.503155e-05	5.9
snp_5_8507738	5	8507738	8.782629e-05	5.8
snp_5_6494640	5	6494640	8.449e-05	5.7
snp_5_3450444	5	3450444	7.326151e-05	5.6
snp_5_902424	5	902424	4.325686e-05	5.5
snp_5_891939	5	891939	1.879548e-05	5.4
snp_5_870273	5	870273	3.414416e-06	5.3
snp_5_628109	5	628109	8.814911e-05	5.2
snp_5_26473466	5	26473466	2.849095e-05	5.12
snp_5_20870482	5	20870482	9.127876e-05	5.11
snp_5_18222186	5	18222186	6.142207e-05	5.10
snp_5_345336	5	345336	4.549705e-05	5.1
snp_4_15627234	4	15627234	1.386529e-05	4.6
snp_4_15595006	4	15595006	4.727283e-05	4.5
snp_4_14823304	4	14823304	5.15306e-05	4.4
snp_4_14799256	4	14799256	3.08336e-05	4.3
snp_4_11880639	4	11880639	8.423472e-05	4.2
snp_4_8017248	4	8017248	1.977233e-06	4.1
snp_3_19614644	3	19614644	3.78023e-05	3.9
snp_3_18812433	3	18812433	5.603397e-05	3.8
snp_3_16392667	3	16392667	8.556907e-05	3.7
snp_3_10178857	3	10178857	7.919768e-05	3.6
snp_3_9131277	3	9131277	6.959619e-05	3.5
snp_3_8891990	3	8891990	9.415933e-05	3.4
snp_3_7509899	3	7509899	8.426411e-05	3.3
snp_3_1005999	3	1005999	2.638144e-05	3.2
snp_3_23366427	3	23366427	1.378631e-05	3.10
snp_3_424584	3	424584	7.715841e-05	3.1
snp_2_18847549	2	18847549	7.364121e-05	2.1
snp_1_14028301	1	14028301	5.991154e-05	1.9
snp_1_14008570	1	14008570	1.977989e-05	1.8
snp_1_11969574	1	11969574	5.466558e-05	1.7
snp_1_9931159	1	9931159	6.929397e-05	1.6
snp_1_6943971	1	6943971	2.534498e-05	1.5
snp_1_5059790	1	5059790	6.103816e-05	1.4
snp_1_3052756	1	3052756	9.499548e-05	1.3
snp_1_1977822	1	1977822	3.287675e-05	1.2
snp_1_28960616	1	28960616	9.04579e-08	1.17
snp_1_24598942	1	24598942	6.196963e-05	1.16
snp_1_24059214	1	24059214	1.563334e-05	1.15
snp_1_19775987	1	19775987	6.466962e-05	1.14
snp_1_16920762	1	16920762	8.458237e-05	1.13
snp_1_14142053	1	14142053	9.613768e-05	1.12
snp_1_14069676	1	14069676	5.810526e-05	1.11
snp_1_14053036	1	14053036	9.341682e-05	1.10
snp_1_435598	1	435598	6.553556e-05	1.1
