snp_5_23906619	5	23906619	3.899531e-05	5.8
snp_5_17878398	5	17878398	2.692219e-05	5.7
snp_5_13466712	5	13466712	2.897708e-05	5.6
snp_5_9916825	5	9916825	5.757205e-05	5.5
snp_5_6821861	5	6821861	7.443193e-05	5.4
snp_5_5137188	5	5137188	2.073349e-05	5.3
snp_5_868513	5	868513	5.869802e-05	5.2
snp_5_94878	5	94878	9.482896e-05	5.1
snp_4_14454821	4	14454821	5.195565e-05	4.9
snp_4_12434510	4	12434510	9.184302e-05	4.8
snp_4_12078725	4	12078725	1.237942e-05	4.7
snp_4_8705297	4	8705297	6.738981e-05	4.6
snp_4_7891586	4	7891586	6.848967e-05	4.5
snp_4_7168665	4	7168665	5.509996e-05	4.4
snp_4_6755397	4	6755397	1.167237e-05	4.3
snp_4_6162846	4	6162846	6.22277e-05	4.2
snp_4_16347675	4	16347675	7.724035e-05	4.13
snp_4_15627234	4	15627234	7.346228e-08	4.12
snp_4_15595006	4	15595006	2.241975e-05	4.11
snp_4_15536574	4	15536574	5.441377e-05	4.10
snp_4_1597365	4	1597365	5.193449e-07	4.1
snp_3_19367815	3	19367815	8.554735e-05	3.9
snp_3_17784448	3	17784448	7.205586e-05	3.8
snp_3_16932954	3	16932954	3.680201e-05	3.7
snp_3_10587592	3	10587592	6.559116e-05	3.6
snp_3_9025990	3	9025990	6.799572e-05	3.5
snp_3_7028749	3	7028749	9.492382e-05	3.4
snp_3_4088655	3	4088655	9.119523e-07	3.3
snp_3_2566348	3	2566348	4.231419e-05	3.2
snp_3_19651831	3	19651831	7.080772e-05	3.10
snp_3_865559	3	865559	2.506436e-06	3.1
snp_2_19556939	2	19556939	5.291885e-05	2.9
snp_2_16783879	2	16783879	1.998941e-05	2.8
snp_2_12928949	2	12928949	5.410773e-05	2.7
snp_2_11678443	2	11678443	7.925861e-05	2.6
snp_2_1867287	2	1867287	2.035144e-05	2.5
snp_2_1787886	2	1787886	4.365738e-05	2.4
snp_2_1768439	2	1768439	1.532422e-05	2.3
snp_2_1725007	2	1725007	6.037044e-05	2.2
snp_2_135797	2	135797	3.350713e-05	2.1
snp_1_24698145	1	24698145	9.249551e-05	1.9
snp_1_14302602	1	14302602	6.698928e-05	1.8
snp_1_14006531	1	14006531	9.851097e-05	1.7
snp_1_13328966	1	13328966	4.198477e-05	1.6
snp_1_13052626	1	13052626	5.190575e-05	1.5
snp_1_6579731	1	6579731	5.197141e-05	1.4
snp_1_2465477	1	2465477	7.714871e-05	1.3
snp_1_2445785	1	2445785	3.239138e-05	1.2
snp_1_29181783	1	29181783	7.471292e-05	1.12
snp_1_24969909	1	24969909	8.641092e-05	1.11
snp_1_24956932	1	24956932	8.170848e-05	1.10
snp_1_474406	1	474406	9.246954e-05	1.1
