snp_5_5637230	5	5637230	2.205438e-05	5.9
snp_5_4175493	5	4175493	2.07276e-06	5.8
snp_5_3434612	5	3434612	3.882408e-05	5.7
snp_5_3173596	5	3173596	5.187013e-05	5.6
snp_5_2215382	5	2215382	6.254864e-05	5.5
snp_5_1815352	5	1815352	8.52715e-05	5.4
snp_5_1786596	5	1786596	1.923666e-05	5.3
snp_5_1751500	5	1751500	9.697326e-05	5.2
snp_5_18590247	5	18590247	1.942913e-07	5.15
snp_5_9781171	5	9781171	1.131006e-05	5.14
snp_5_7751040	5	7751040	9.897742e-05	5.13
snp_5_7650817	5	7650817	4.299509e-05	5.12
snp_5_7607014	5	7607014	3.60622e-05	5.11
snp_5_6126250	5	6126250	7.589375e-05	5.10
snp_5_1512856	5	1512856	8.023089e-05	5.1
snp_4_961271	4	961271	8.747249e-05	4.9
snp_4_941895	4	941895	6.85703e-05	4.8
snp_4_931723	4	931723	2.801319e-05	4.7
snp_4_771881	4	771881	3.903795e-05	4.6
snp_4_760140	4	760140	6.345226e-05	4.5
snp_4_738704	4	738704	1.039541e-06	4.4
snp_4_484692	4	484692	2.666872e-05	4.3
snp_4_259126	4	259126	1.241784e-05	4.2
snp_4_13092497	4	13092497	7.912279e-05	4.17
snp_4_13074452	4	13074452	4.239865e-06	4.16
snp_4_10934200	4	10934200	8.498731e-05	4.15
snp_4_8793082	4	8793082	2.367195e-05	4.14
snp_4_6813645	4	6813645	6.278638e-05	4.13
snp_4_6088803	4	6088803	1.494369e-06	4.12
snp_4_1520595	4	1520595	1.312235e-05	4.11
snp_4_1421217	4	1421217	4.141657e-05	4.10
snp_4_179501	4	179501	5.000927e-06	4.1
snp_3_18655175	3	18655175	2.14942e-06	3.4
snp_3_11590796	3	11590796	1.63512e-05	3.3
snp_3_8446979	3	8446979	1.922638e-05	3.2
snp_3_1835907	3	1835907	8.178739e-05	3.1
snp_2_18590604	2	18590604	5.880839e-05	2.4
snp_2_14425805	2	14425805	3.819908e-06	2.3
snp_2_11502973	2	11502973	4.472202e-05	2.2
snp_2_7187023	2	7187023	9.633874e-05	2.1
snp_1_19004201	1	19004201	2.223547e-05	1.9
snp_1_17305348	1	17305348	1.63357e-05	1.8
snp_1_11693658	1	11693658	4.901948e-05	1.7
snp_1_9414796	1	9414796	7.759171e-06	1.6
snp_1_8019937	1	8019937	3.721528e-05	1.5
snp_1_3840440	1	3840440	5.17087e-05	1.4
snp_1_3813099	1	3813099	7.735163e-05	1.3
snp_1_2555893	1	2555893	8.143714e-06	1.2
snp_1_25395186	1	25395186	8.261885e-05	1.14
snp_1_24339560	1	24339560	6.463713e-05	1.13
snp_1_24263553	1	24263553	6.107855e-05	1.12
snp_1_23961783	1	23961783	2.332245e-05	1.11
snp_1_20532957	1	20532957	7.966253e-05	1.10
snp_1_2201859	1	2201859	4.473405e-05	1.1
