snp_5_25068796	5	25068796	1.262806e-05	5.6
snp_5_24286074	5	24286074	3.403901e-05	5.5
snp_5_23906619	5	23906619	4.057123e-05	5.4
snp_5_22606526	5	22606526	4.238519e-05	5.3
snp_5_18677171	5	18677171	1.464382e-05	5.2
snp_5_11469505	5	11469505	4.513914e-05	5.1
snp_4_14454821	4	14454821	9.995842e-05	4.9
snp_4_12434510	4	12434510	2.430825e-05	4.8
snp_4_12078725	4	12078725	7.6488e-05	4.7
snp_4_11553237	4	11553237	1.954704e-05	4.6
snp_4_10207154	4	10207154	2.687438e-06	4.5
snp_4_9122466	4	9122466	4.528401e-05	4.4
snp_4_7168848	4	7168848	1.380014e-05	4.3
snp_4_2728605	4	2728605	7.904001e-05	4.2
snp_4_15627234	4	15627234	2.518487e-06	4.11
snp_4_15595006	4	15595006	9.560691e-05	4.10
snp_4_1601862	4	1601862	7.253989e-08	4.1
snp_3_20005250	3	20005250	7.364981e-05	3.7
snp_3_19651831	3	19651831	4.664384e-05	3.6
snp_3_19634804	3	19634804	9.503005e-05	3.5
snp_3_2566348	3	2566348	2.106351e-05	3.4
snp_3_865559	3	865559	9.917949e-05	3.3
snp_3_593437	3	593437	6.435372e-05	3.2
snp_3_572390	3	572390	6.391224e-05	3.1
snp_2_13656781	2	13656781	5.892466e-05	2.5
snp_2_9684609	2	9684609	6.024583e-05	2.4
snp_2_9673247	2	9673247	8.756319e-05	2.3
snp_2_9074174	2	9074174	3.735225e-06	2.2
snp_2_135797	2	135797	2.480462e-06	2.1
snp_1_18844475	1	18844475	7.277865e-05	1.9
snp_1_16659438	1	16659438	7.086578e-05	1.8
snp_1_14007403	1	14007403	3.88162e-05	1.7
snp_1_12698954	1	12698954	5.43865e-06	1.6
snp_1_12266457	1	12266457	8.184255e-05	1.5
snp_1_10061491	1	10061491	9.78544e-05	1.4
snp_1_5281263	1	5281263	2.416733e-05	1.3
snp_1_2269817	1	2269817	1.55699e-05	1.2
snp_1_28906692	1	28906692	9.029791e-06	1.13
snp_1_26534647	1	26534647	6.343978e-05	1.12
snp_1_24956932	1	24956932	4.526544e-05	1.11
snp_1_19208726	1	19208726	3.61868e-05	1.10
snp_1_85897	1	85897	9.247542e-05	1.1
