snp_5_26473466	5	26473466	7.180021e-05	5.8
snp_5_21897926	5	21897926	9.510741e-05	5.7
snp_5_18222186	5	18222186	5.88351e-05	5.6
snp_5_16063102	5	16063102	8.456351e-05	5.5
snp_5_9914807	5	9914807	6.021459e-05	5.4
snp_5_3452750	5	3452750	4.10602e-06	5.3
snp_5_868513	5	868513	3.618651e-05	5.2
snp_5_345336	5	345336	3.280204e-05	5.1
snp_4_15677001	4	15677001	9.483392e-05	4.8
snp_4_15627234	4	15627234	7.477443e-07	4.7
snp_4_15595006	4	15595006	5.379466e-06	4.6
snp_4_15536574	4	15536574	5.065058e-05	4.5
snp_4_10830850	4	10830850	5.277355e-05	4.4
snp_4_8705297	4	8705297	4.238971e-05	4.3
snp_4_8017248	4	8017248	5.008902e-06	4.2
snp_4_6442925	4	6442925	9.052234e-05	4.1
snp_3_23367241	3	23367241	2.904618e-06	3.9
snp_3_19651636	3	19651636	8.473999e-05	3.8
snp_3_19453460	3	19453460	6.097127e-05	3.7
snp_3_18812433	3	18812433	6.580076e-05	3.6
snp_3_18133963	3	18133963	9.411418e-05	3.5
snp_3_18120027	3	18120027	8.324525e-05	3.4
snp_3_10279744	3	10279744	9.247775e-05	3.3
snp_3_10178857	3	10178857	4.881683e-05	3.2
snp_3_23382323	3	23382323	6.611085e-05	3.10
snp_3_7509899	3	7509899	9.912522e-05	3.1
snp_2_13263234	2	13263234	6.897797e-05	2.9
snp_2_2444832	2	2444832	4.872769e-06	2.8
snp_2_2388407	2	2388407	7.285906e-06	2.7
snp_2_1867477	2	1867477	4.646882e-06	2.6
snp_2_1837418	2	1837418	5.734954e-05	2.5
snp_2_1768439	2	1768439	5.241213e-05	2.4
snp_2_1718394	2	1718394	5.006242e-05	2.3
snp_2_1707166	2	1707166	1.171145e-05	2.2
snp_2_18849092	2	18849092	8.840457e-05	2.12
snp_2_18573199	2	18573199	5.323289e-05	2.11
snp_2_17481476	2	17481476	6.924755e-05	2.10
snp_2_1320534	2	1320534	7.473959e-05	2.1
snp_1_13065932	1	13065932	2.753378e-05	1.9
snp_1_11969574	1	11969574	7.091734e-05	1.8
snp_1_10937139	1	10937139	1.65745e-05	1.7
snp_1_10922032	1	10922032	2.077156e-05	1.6
snp_1_9931159	1	9931159	2.346476e-05	1.5
snp_1_9130404	1	9130404	8.074168e-05	1.4
snp_1_6943971	1	6943971	6.110628e-05	1.3
snp_1_28960616	1	28960616	2.121401e-06	1.25
snp_1_25766155	1	25766155	4.194088e-05	1.24
snp_1_24598942	1	24598942	7.007545e-05	1.23
snp_1_24059214	1	24059214	1.597226e-05	1.22
snp_1_22254972	1	22254972	2.456847e-05	1.21
snp_1_22204636	1	22204636	9.943021e-05	1.20
snp_1_5590801	1	5590801	8.081841e-05	1.2
snp_1_21973001	1	21973001	4.162753e-05	1.19
snp_1_21664313	1	21664313	2.102029e-05	1.18
snp_1_19775987	1	19775987	9.58297e-05	1.17
snp_1_19372242	1	19372242	9.938051e-05	1.16
snp_1_14142053	1	14142053	9.076783e-05	1.15
snp_1_14097032	1	14097032	6.509774e-05	1.14
snp_1_14069676	1	14069676	2.495229e-05	1.13
snp_1_14028301	1	14028301	7.739175e-05	1.12
snp_1_14015798	1	14015798	6.185884e-06	1.11
snp_1_13924346	1	13924346	8.665441e-05	1.10
snp_1_5060054	1	5060054	1.786995e-05	1.1
