159 159
350 350
351 351
403 403
424 424
430 430
630 630
765 765
915 915
932 932
997 997
1006 1006
1061 1061
1062 1062
1070 1070
1158 1158
1254 1254
1313 1313
1853 1853
1890 1890
1925 1925
2057 2057
2171 2171
2278 2278
2317 2317
4779 4779
4884 4884
5104 5104
5165 5165
5210 5210
5353 5353
5577 5577
5644 5644
5768 5768
5772 5772
5784 5784
5800 5800
5811 5811
5832 5832
5860 5860
5893 5893
5907 5907
5950 5950
5984 5984
6008 6008
6023 6023
6038 6038
6039 6039
6041 6041
6042 6042
6073 6073
6092 6092
6095 6095
6105 6105
6115 6115
6122 6122
6125 6125
6133 6133
6137 6137
6141 6141
6173 6173
6180 6180
6188 6188
6189 6189
6192 6192
6193 6193
6195 6195
6201 6201
6214 6214
6390 6390
6396 6396
6424 6424
6897 6897
6898 6898
6904 6904
6907 6907
6911 6911
6915 6915
6919 6919
6922 6922
6923 6923
6940 6940
6943 6943
6951 6951
6957 6957
6958 6958
6959 6959
6966 6966
6967 6967
6970 6970
6971 6971
6973 6973
6976 6976
6979 6979
6984 6984
6992 6992
6997 6997
7002 7002
7008 7008
7013 7013
7014 7014
7025 7025
7026 7026
7028 7028
7031 7031
7036 7036
7062 7062
7063 7063
7067 7067
7071 7071
7072 7072
7077 7077
7081 7081
7092 7092
7102 7102
7119 7119
7125 7125
7126 7126
7127 7127
7130 7130
7133 7133
7143 7143
7158 7158
7162 7162
7163 7163
7165 7165
7177 7177
7186 7186
7207 7207
7209 7209
7217 7217
7218 7218
7223 7223
7231 7231
7236 7236
7244 7244
7250 7250
7255 7255
7258 7258
7268 7268
7273 7273
7276 7276
7280 7280
7282 7282
7287 7287
7288 7288
7296 7296
7298 7298
7305 7305
7306 7306
7307 7307
7316 7316
7319 7319
7320 7320
7327 7327
7328 7328
7333 7333
7337 7337
7347 7347
7349 7349
7353 7353
7356 7356
7372 7372
7373 7373
7378 7378
7382 7382
7383 7383
7384 7384
7387 7387
7394 7394
7396 7396
7404 7404
7417 7417
7418 7418
7419 7419
7477 7477
7514 7514
7521 7521
7525 7525
8077 8077
8214 8214
8231 8231
8235 8235
8236 8236
8240 8240
8241 8241
8243 8243
8244 8244
8246 8246
8247 8247
8249 8249
8256 8256
8264 8264
8285 8285
8311 8311
8312 8312
8337 8337
8343 8343
8354 8354
8357 8357
8365 8365
8366 8366
8386 8386
8419 8419
8420 8420
8427 8427
9057 9057
9069 9069
9089 9089
9102 9102
9103 9103
9104 9104
9125 9125
9336 9336
9343 9343
9369 9369
9370 9370
9402 9402
9404 9404
9413 9413
9437 9437
9455 9455
9503 9503
9506 9506
9509 9509
9510 9510
9512 9512
9513 9513
9515 9515
9518 9518
9519 9519
9521 9521
9522 9522
9523 9523
9526 9526
9529 9529
9534 9534
9536 9536
9537 9537
9539 9539
9540 9540
9541 9541
9546 9546
9556 9556
9559 9559
9560 9560
9562 9562
9565 9565
9567 9567
9569 9569
9571 9571
9573 9573
9574 9574
9578 9578
9579 9579
9584 9584
9585 9585
9587 9587
9590 9590
9591 9591
9595 9595
9597 9597
9602 9602
9606 9606
9609 9609
9611 9611
9622 9622
9629 9629
9638 9638
9644 9644
9645 9645
9647 9647
9649 9649
9651 9651
9653 9653
9656 9656
9657 9657
9659 9659
9660 9660
9663 9663
9664 9664
9672 9672
9678 9678
9686 9686
9697 9697
9698 9698
9699 9699
9703 9703
9704 9704
9705 9705
9706 9706
9707 9707
9710 9710
9711 9711
9713 9713
9714 9714
9718 9718
9723 9723
9725 9725
9726 9726
9729 9729
9730 9730
9731 9731
9732 9732
9735 9735
9738 9738
9744 9744
9747 9747
9748 9748
9754 9754
9755 9755
9756 9756
9757 9757
9759 9759
9762 9762
9764 9764
9768 9768
9769 9769
9771 9771
9772 9772
9774 9774
9775 9775
9776 9776
9777 9777
9778 9778
9779 9779
9781 9781
9782 9782
9784 9784
9785 9785
9786 9786
9788 9788
9789 9789
9790 9790
9791 9791
9793 9793
9794 9794
9797 9797
9798 9798
9799 9799
9800 9800
9801 9801
9803 9803
9805 9805
9806 9806
9807 9807
9808 9808
9810 9810
9811 9811
9812 9812
9813 9813
9814 9814
9815 9815
9817 9817
9819 9819
9822 9822
9823 9823
9825 9825
9826 9826
9827 9827
9830 9830
9831 9831
9833 9833
9834 9834
9835 9835
9836 9836
9839 9839
9840 9840
9843 9843
9845 9845
9847 9847
9853 9853
9854 9854
9855 9855
9867 9867
9868 9868
9873 9873
9876 9876
9880 9880
9881 9881
9882 9882
9883 9883
9887 9887
9888 9888
9891 9891
9892 9892
9895 9895
9897 9897
9899 9899
9902 9902
9906 9906
9910 9910
9918 9918
9925 9925
9928 9928
9935 9935
9938 9938
9960 9960
9962 9962
9966 9966
9968 9968
9969 9969
9978 9978
9997 9997
10002 10002
10020 10020
10023 10023
