0.1 0.15 0.2 0.25 0.3 0.35 0.4 0.45 0.5 1
HS01 399127 95583 96270 77398 66930 54877 47831 42714 32327 438833
HS02 401730 131085 76020 56095 63044 59834 48427 43148 33551 438956
HS03 345923 166844 102730 76741 64803 51288 45722 44202 33673 419964
HS04 374788 123688 85428 68678 70892 59290 49993 43938 35478 439717
HS05 355561 160888 100520 76659 65004 50460 43678 41330 32283 425507
HS06 360638 151443 105730 78421 64391 49646 42949 40394 32007 426271
HS07 342978 163958 105102 78921 66795 51990 45966 43124 33510 419546
HS08 342593 152707 103745 81686 68254 53344 47864 43532 34002 424163
HS09 338755 157004 103277 78492 67889 55431 48217 45365 34471 422989
HS10 330725 155411 103926 81610 69065 52805 48031 45575 34898 429844
